6.760122330279410008e-01
6.760121654260552448e-01
6.760120978241829226e-01
6.760120302223242561e-01
6.760119626204789123e-01
6.760118950186472242e-01
6.760118274168290808e-01
6.760117598150243712e-01
6.760116922132332062e-01
6.760116246114555860e-01
6.760115570096915105e-01
6.760114894079408687e-01
6.760114218062037716e-01
6.760113542044802193e-01
6.760112866027702117e-01
6.760112190010736377e-01
6.760111513993907195e-01
6.760110837977212350e-01
6.760110161960652952e-01
6.760109485944227892e-01
6.760108809927939388e-01
6.760108133911785222e-01
6.760107457895766503e-01
6.760106781879883231e-01
6.760106105864134296e-01
6.760105429848521919e-01
6.760104753833043878e-01
6.760104077817701285e-01
6.760103401802493028e-01
6.760102725787421329e-01
6.760102049772483968e-01
6.760101373757682053e-01
6.760100697743015585e-01
6.760100021728484565e-01
6.760099345714087882e-01
6.760098669699826646e-01
6.760097993685700857e-01
6.760097317671710515e-01
6.760096641657854510e-01
6.760095965644135063e-01
6.760095289630549953e-01
6.760094613617099180e-01
6.760093937603784964e-01
6.760093261994648550e-01
6.760092586385646474e-01
6.760091910372737489e-01
6.760091235370070395e-01
6.760090559559452927e-01
6.760089883546949174e-01
6.760089207534580868e-01
6.760088531522348010e-01
6.760087855510249488e-01
6.760087179498286414e-01
6.760086503486458787e-01
6.760085827676788339e-01
6.760085151867252229e-01
6.760084476057852676e-01
6.760083800450606972e-01
6.760083125045519559e-01
6.760082449842585994e-01
6.760081774639788987e-01
6.760081098831064450e-01
6.760080422820452517e-01
6.760079746809977141e-01
6.760079070799636103e-01
6.760078394789430511e-01
6.760077718779360367e-01
6.760077042769425670e-01
6.760076366759625310e-01
6.760075690749960398e-01
6.760075014740430932e-01
6.760074338731036914e-01
6.760073662721777232e-01
6.760072986712654108e-01
6.760072310703665321e-01
6.760071634694811982e-01
6.760070958686092979e-01
6.760070282677510534e-01
6.760069606669062425e-01
6.760068930660749764e-01
6.760068254652572550e-01
6.760067578644529673e-01
6.760066902636623354e-01
6.760066226628851371e-01
6.760065550621214836e-01
6.760064874613712638e-01
6.760064198606346997e-01
6.760063522599115693e-01
6.760062846592019836e-01
6.760062170585059427e-01
6.760061494578233354e-01
6.760060818571542729e-01
6.760060142564988661e-01
6.760059466558567820e-01
6.760058790552283536e-01
6.760058114546134700e-01
6.760057438540120200e-01
6.760056762534241148e-01
6.760056086528497543e-01
6.760055410522888275e-01
