6.124374718229226300e-01
6.124374651789991075e-01
6.124374680309953023e-01
6.124374816254424259e-01
6.124374857762800994e-01
6.124374791740944124e-01
6.124374905743034114e-01
6.124374950228600456e-01
6.124375049099740620e-01
6.124375346898639494e-01
6.124375366837464529e-01
6.124375257314935705e-01
6.124375331934264199e-01
6.124375367170934448e-01
6.124375127497081461e-01
6.124374951068104478e-01
6.124374830527216096e-01
6.124375034218281222e-01
6.124375051018532412e-01
6.124375095492902155e-01
6.124375339557042164e-01
6.124375486719988437e-01
6.124375620232270778e-01
6.124375738758325305e-01
6.124375880089201196e-01
6.124375832531617769e-01
6.124375959493959520e-01
6.124376130630216908e-01
6.124375921068132556e-01
6.124375938202167857e-01
6.124376035653950057e-01
6.124376145888213996e-01
6.124376066110054362e-01
6.124376203239295657e-01
6.124376298008746833e-01
6.124376325276355004e-01
6.124376117456221680e-01
6.124375830108648167e-01
6.124375805033183129e-01
6.124375730308008192e-01
6.124375703602052967e-01
6.124375446761213260e-01
6.124375203576594151e-01
6.124374842511565165e-01
6.124374594641442959e-01
6.124374591641918997e-01
6.124374199603049851e-01
6.124374109524649556e-01
6.124373746189447631e-01
6.124373508108144071e-01
6.124373257923323433e-01
6.124373158162201847e-01
6.124372874154269120e-01
6.124372690336058467e-01
6.124372446211546750e-01
6.124372172576659779e-01
6.124372027534478180e-01
6.124371648523618816e-01
6.124371577950383783e-01
6.124371417193160694e-01
6.124371244989070817e-01
6.124371274054560832e-01
6.124371223626150496e-01
6.124370932389983091e-01
6.124370955617968182e-01
6.124370696797133418e-01
6.124370419534440613e-01
6.124370127369140882e-01
6.124370085460657531e-01
6.124370082634101875e-01
6.124369931726985072e-01
6.124369481214161359e-01
6.124369261614683868e-01
6.124369322344304090e-01
6.124368866300221592e-01
6.124368636684153211e-01
6.124368331202624249e-01
6.124368242466208256e-01
6.124367875804908046e-01
6.124367748966086378e-01
6.124367648755053573e-01
6.124367260992047424e-01
6.124366900541353687e-01
6.124366569033460328e-01
6.124366153791506173e-01
6.124365759462295777e-01
6.124365431883390665e-01
6.124365123119264176e-01
6.124364823731950347e-01
6.124364591239586098e-01
6.124364262436665651e-01
6.124363951441281761e-01
6.124363734925714065e-01
6.124363605032391300e-01
6.124363645556539781e-01
6.124363570348859698e-01
6.124363647111190634e-01
6.124363335754340332e-01
6.124363185187774450e-01
6.124362955222241167e-01
