7.076870464349283019e-01
7.076870416703177069e-01
7.076870559535118899e-01
7.076870851850869393e-01
7.076871144166561045e-01
7.076871436482193856e-01
7.076871728797768935e-01
7.076872021113285172e-01
7.076872313428743677e-01
7.076872605744143341e-01
7.076872898059484163e-01
7.076873190374767253e-01
7.076873482689990391e-01
7.076873775005156908e-01
7.076874067320263473e-01
7.076874359635312306e-01
7.076874651950302297e-01
7.076874944265234557e-01
7.076875236580107975e-01
7.076875528894922551e-01
7.076875821209679396e-01
7.076876113524377399e-01
7.076876405839016559e-01
7.076876698153597989e-01
7.076876990468119466e-01
7.076877282782584322e-01
7.076877575096989226e-01
7.076877867411336398e-01
7.076878159725625839e-01
7.076878452039855327e-01
7.076878744354027084e-01
7.076879036668141110e-01
7.076879328982195183e-01
7.076879621296191525e-01
7.076879913610130135e-01
7.076880205924009903e-01
7.076880498237830830e-01
7.076880790551592915e-01
7.076881082865297268e-01
7.076881375178942779e-01
7.076881667492529449e-01
7.076881959806058386e-01
7.076882252119528482e-01
7.076882544432940847e-01
7.076882836746293259e-01
7.076883129059587940e-01
7.076883421372824889e-01
7.076883713686002997e-01
7.076884005999122262e-01
7.076884298312182686e-01
7.076884590625185378e-01
7.076884882938129229e-01
7.076885175251015347e-01
7.076885467563842624e-01
7.076885759876611059e-01
7.076886052189320653e-01
7.076886344501972514e-01
7.076886636814566645e-01
7.076886929127100823e-01
7.076887221439577269e-01
7.076887513751994874e-01
7.076887806064354747e-01
7.076888098376655778e-01
7.076888390688897967e-01
7.076888683001082425e-01
7.076888975313208041e-01
7.076889267625274815e-01
7.076889559937282748e-01
7.076889852249232948e-01
7.076890144561125418e-01
7.076890436872957935e-01
7.076890729184732720e-01
7.076891021496449774e-01
7.076891313808106876e-01
7.076891606119706246e-01
7.076891898431247885e-01
7.076892190742730682e-01
7.076892483054154637e-01
7.076892775365519750e-01
7.076893067676827132e-01
7.076893359988075671e-01
7.076893652299265369e-01
7.076893944610397336e-01
7.076894236921470460e-01
7.076894529232485853e-01
7.076894821543441294e-01
7.076895113854339003e-01
7.076895406165178981e-01
7.076895698475960117e-01
7.076895990786682411e-01
7.076896283097345863e-01
7.076896575407951584e-01
7.076896867718498463e-01
7.076897160028987610e-01
7.076897452339417915e-01
7.076897744649789379e-01
7.076898036960103111e-01
7.076898329270356891e-01
7.076898621580554050e-01
7.076898913890691256e-01
