6.405640643402549239e-01
6.405640002862237337e-01
6.405639362310041607e-01
6.405638721759975285e-01
6.405638081212040591e-01
6.405637440668237037e-01
6.405636800120557695e-01
6.405636159585019751e-01
6.405635519039598602e-01
6.405634878492303397e-01
6.405634237945136977e-01
6.405633597400101076e-01
6.405632956833170466e-01
6.405632316288391026e-01
6.405631675729723806e-01
6.405631035189204292e-01
6.405630394644808989e-01
6.405629754100541362e-01
6.405629113560405985e-01
6.405628473004382206e-01
6.405627832460498716e-01
6.405627191920747476e-01
6.405626551389131951e-01
6.405625910847634330e-01
6.405625270294252882e-01
6.405624629767026068e-01
6.405623989231918891e-01
6.405623348680924423e-01
6.405622708142069133e-01
6.405622067591331126e-01
6.405621427046725991e-01
6.405620786504252484e-01
6.405620145961906653e-01
6.405619505415683923e-01
6.405618864871591711e-01
6.405618224323624821e-01
6.405617583781790803e-01
6.405616943240085570e-01
6.405616302688497132e-01
6.405615662135035748e-01
6.405615021579700308e-01
6.405614381026495385e-01
6.405613740479424445e-01
6.405613099926475984e-01
6.405612459365646050e-01
6.405611818802943169e-01
6.405611178246375381e-01
6.405610537689935269e-01
6.405609897135624564e-01
6.405609256589449574e-01
6.405608616039398795e-01
6.405607975489476802e-01
6.405607334941684217e-01
6.405606694404030188e-01
6.405606053860497529e-01
6.405605413321098229e-01
6.405604772783828338e-01
6.405604132246687232e-01
6.405603491699664032e-01
6.405602851160776545e-01
6.405602210610005232e-01
6.405601570085388552e-01
6.405600929546886313e-01
6.405600289026528449e-01
6.405599648472266594e-01
6.405599007940153689e-01
6.405598367406166727e-01
6.405597726848284434e-01
6.405597086302541321e-01
6.405596445758929836e-01
6.405595805219449490e-01
6.405595164688104859e-01
6.405594524138871204e-01
6.405593883593769799e-01
6.405593243040788032e-01
6.405592602501949395e-01
6.405591961969243631e-01
6.405591321432662077e-01
6.405590680894207578e-01
6.405590040351876180e-01
6.405589399825689645e-01
6.405588759283614708e-01
6.405588118749675486e-01
6.405587478207857011e-01
6.405586837680180556e-01
6.405586197140620275e-01
6.405585556593179630e-01
6.405584916055877542e-01
6.405584275506691627e-01
6.405583634963638584e-01
6.405582994422717169e-01
6.405582353895937775e-01
6.405581713355271711e-01
6.405581072800720088e-01
6.405580432256305912e-01
6.405579791714022253e-01
6.405579151177873687e-01
6.405578510635846490e-01
6.405577870093946968e-01
6.405577229562186004e-01
