2.437387580221165792e-02 9.756261242210395590e-01
2.437387836484919065e-02 9.756261216584020124e-01
2.437388042748136335e-02 9.756261195957698362e-01
2.437388199010832174e-02 9.756261180331429195e-01
2.437388455274446669e-02 9.756261154705067051e-01
2.437388711538010164e-02 9.756261129078710459e-01
2.437388967801521963e-02 9.756261103452358308e-01
2.437389224064982762e-02 9.756261077826010597e-01
2.437389480328392213e-02 9.756261052199669548e-01
2.437389686591300703e-02 9.756261031573378872e-01
2.437389992855057766e-02 9.756261000947002993e-01
2.437390349119193667e-02 9.756260965320588951e-01
2.437390705383258097e-02 9.756260929694181572e-01
2.437391011646821218e-02 9.756260899067825676e-01
2.437391267909898296e-02 9.756260873441517933e-01
2.437391474172504249e-02 9.756260852815257234e-01
2.437391680435068916e-02 9.756260832189000975e-01
2.437391886697592297e-02 9.756260811562748048e-01
2.437392042959669533e-02 9.756260795936541053e-01
2.437392299222515199e-02 9.756260770310256625e-01
2.437392555485309517e-02 9.756260744683975528e-01
2.437392811748052834e-02 9.756260719057701092e-01
2.437393018010360068e-02 9.756260698431470368e-01
2.437393174272245791e-02 9.756260682805282247e-01
2.437393330534100636e-02 9.756260667179097457e-01
2.437393436795553744e-02 9.756260656552951938e-01
2.437393543056985690e-02 9.756260645926808639e-01
2.437393649318396818e-02 9.756260635300667561e-01
2.437393805580141334e-02 9.756260619674493872e-01
2.437393911841504585e-02 9.756260609048357235e-01
2.437394068103191855e-02 9.756260593422190208e-01
2.437394224364847553e-02 9.756260577796025402e-01
2.437394430626807149e-02 9.756260557169829095e-01
2.437394636888725458e-02 9.756260536543637230e-01
2.437394893150927541e-02 9.756260510917416084e-01
2.437395149413078277e-02 9.756260485291200490e-01
2.437395405675177665e-02 9.756260459664990448e-01
2.437395611936915910e-02 9.756260439038816346e-01
2.437395868198917806e-02 9.756260413412615184e-01
2.437396074460568621e-02 9.756260392786449964e-01
2.437396280722178149e-02 9.756260372160289185e-01
2.437396436983456718e-02 9.756260356534162126e-01
2.437396593244703716e-02 9.756260340908038398e-01
2.437396699505639530e-02 9.756260330281945059e-01
2.437396805766553834e-02 9.756260319655852831e-01
2.437396912027447321e-02 9.756260309029763933e-01
2.437397018288319298e-02 9.756260298403676146e-01
2.437397174549429946e-02 9.756260282777565740e-01
2.437397330810509716e-02 9.756260267151458665e-01
2.437397487071557914e-02 9.756260251525354921e-01
2.437397593332329970e-02 9.756260240899277125e-01
2.437397699593080863e-02 9.756260230273202660e-01
2.437397805853810245e-02 9.756260219647129306e-01
2.437397962114748462e-02 9.756260204021036664e-01
2.437398168375880594e-02 9.756260183394923624e-01
2.437398374636971440e-02 9.756260162768813915e-01
2.437398630898235732e-02 9.756260137142687139e-01
2.437398887159449024e-02 9.756260111516564804e-01
2.437399143420610620e-02 9.756260085890448019e-01
2.437399399681721215e-02 9.756260060264335676e-01
2.437399605942585853e-02 9.756260039638249282e-01
2.437399862203598958e-02 9.756260014012148041e-01
2.437400018464190923e-02 9.756259998386088705e-01
2.437400174724751664e-02 9.756259982760033811e-01
2.437400330985281180e-02 9.756259967133982247e-01
2.437400487245779471e-02 9.756259951507932904e-01
2.437400643506246536e-02 9.756259935881886891e-01
2.437400749766522115e-02 9.756259925255859056e-01
2.437400856026776877e-02 9.756259914629833441e-01
2.437400962287009781e-02 9.756259904003810046e-01
2.437401068547221869e-02 9.756259893377788872e-01
2.437401174807412446e-02 9.756259882751769918e-01
2.437401281067582207e-02 9.756259872125753185e-01
2.437401387327730110e-02 9.756259861499737562e-01
2.437401593588107290e-02 9.756259840873700018e-01
2.437401799848443185e-02 9.756259820247666914e-01
2.437402006108737793e-02 9.756259799621637141e-01
2.437402212368990767e-02 9.756259778995611809e-01
2.437402468629307900e-02 9.756259753369579402e-01
2.437402724889573338e-02 9.756259727743552546e-01
2.437402981149787429e-02 9.756259702117530130e-01
2.437403237409950518e-02 9.756259676491513266e-01
2.437403593670232557e-02 9.756259640865484473e-01
2.437403899930363008e-02 9.756259610239471636e-01
2.437404206190432396e-02 9.756259579613464350e-01
2.437404362450230552e-02 9.756259563987486061e-01
2.437404518709997484e-02 9.756259548361509992e-01
2.437404674969733190e-02 9.756259532735537254e-01
2.437404781229382880e-02 9.756259522109571591e-01
2.437404837488960779e-02 9.756259516483615224e-01
2.437404943748572653e-02 9.756259505857654002e-01
2.437405000008123490e-02 9.756259500231698745e-01
2.437405056267662878e-02 9.756259494605745708e-01
2.437405112527190817e-02 9.756259488979793781e-01
2.437405118786682701e-02 9.756259488353844489e-01
2.437405125046173196e-02 9.756259487727894086e-01
2.437405131305662651e-02 9.756259487101944794e-01
2.437405137565150717e-02 9.756259486475995502e-01
2.437405143824637396e-02 9.756259485850047319e-01
2.437405150084123034e-02 9.756259485224098027e-01
