2.641105795141597675e-04
2.641106033545917290e-04
2.641106121194957876e-04
2.641106761613106618e-04
2.641106799010323560e-04
2.641107539931734157e-04
2.641107778335759953e-04
2.641107664977708708e-04
2.641107752626533538e-04
2.641108041282175353e-04
2.641108430441166301e-04
2.641108417586491295e-04
2.641108756493673235e-04
2.641108944645722515e-04
2.641108781035949541e-04
2.641108868684601983e-04
2.641109458849969730e-04
2.641109647001873726e-04
2.641110186915382593e-04
2.641110123808884484e-04
2.641110412463971730e-04
2.641111002628890076e-04
2.641110989773972750e-04
2.641111177925610032e-04
2.641111315825576543e-04
2.641111503977143895e-04
2.641111491122181032e-04
2.641111327512366317e-04
2.641111163902584670e-04
2.641111452557307624e-04
2.641111590457164088e-04
2.641111376595807079e-04
2.641111564747236737e-04
2.641111652395452787e-04
2.641111740043650949e-04
2.641112078949721040e-04
2.641112367604150717e-04
2.641112455252251300e-04
2.641112593151896887e-04
2.641112881806188871e-04
2.641113170460422850e-04
2.641113258108407965e-04
2.641113597014089370e-04
2.641113634410476355e-04
2.641113671806856293e-04
2.641113508197118014e-04
2.641113696348071165e-04
2.641113683492915857e-04
2.641114122901376646e-04
2.641114160297689363e-04
2.641114649957516805e-04
2.641114737605266649e-04
2.641114875504491023e-04
2.641115164158150375e-04
2.641115704069163950e-04
2.641115942471205114e-04
2.641116381879088566e-04
2.641116670532481746e-04
2.641116557174119335e-04
2.641117298090552902e-04
2.641117536492315968e-04
2.641117674391135935e-04
2.641117812289928797e-04
2.641118251697317852e-04
2.641118439847457851e-04
2.641118879254695660e-04
2.641118866399047040e-04
2.641118702789149383e-04
2.641118890939169036e-04
2.641118878083522584e-04
2.641119367741899364e-04
2.641119505640398407e-04
2.641119442533302903e-04
2.641119379426219867e-04
2.641119919335732365e-04
2.641120157736875267e-04
2.641120848400316961e-04
2.641120986298585611e-04
2.641121124196826615e-04
2.641121312346397408e-04
2.641122003009447163e-04
2.641121939902158671e-04
2.641122128051591228e-04
2.641122517206332646e-04
2.641122906360996001e-04
2.641123245264255298e-04
2.641123182156874106e-04
2.641122968295555045e-04
2.641122955439525869e-04
2.641122942583498862e-04
2.641122879476172965e-04
2.641122715866266635e-04
2.641122853764141720e-04
2.641122840908129892e-04
2.641122878303402317e-04
2.641122915698667153e-04
2.641122902842653157e-04
2.641122789484109143e-04
2.641122676125587897e-04
2.641122512515832813e-04
