3.274304415591166445e-02 9.672569558459915839e-01
3.274304088157516113e-02 9.672569591203280526e-01
3.274303760723931006e-02 9.672569623946639661e-01
3.274303433290411819e-02 9.672569656689991024e-01
3.274303105856957857e-02 9.672569689433336837e-01
3.274302778423569121e-02 9.672569722176675988e-01
3.274302450990246305e-02 9.672569754920007368e-01
3.274302123556988714e-02 9.672569787663333196e-01
3.274301796123797043e-02 9.672569820406652363e-01
3.274301468690670597e-02 9.672569853149964869e-01
3.274301141257609377e-02 9.672569885893271824e-01
3.274300813824614076e-02 9.672569918636571007e-01
3.274300486391684001e-02 9.672569951379863529e-01
3.274300158958819151e-02 9.672569984123150499e-01
3.274299831526020221e-02 9.672570016866430809e-01
3.274299504093286517e-02 9.672570049609703347e-01
3.274299176660618732e-02 9.672570082352970333e-01
3.274298849228016173e-02 9.672570115096230658e-01
3.274298521795478839e-02 9.672570147839484322e-01
3.274298194363007425e-02 9.672570180582731325e-01
3.274297866930601236e-02 9.672570213325972777e-01
3.274297539498260273e-02 9.672570246069206457e-01
3.274297212065985230e-02 9.672570278812433475e-01
3.274296884633775412e-02 9.672570311555654943e-01
3.274296557201631513e-02 9.672570344298869749e-01
3.274296229769552841e-02 9.672570377042076784e-01
3.274295902337539393e-02 9.672570409785278267e-01
3.274295574905591866e-02 9.672570442528473089e-01
3.274295247473709564e-02 9.672570475271661250e-01
3.274294920041892487e-02 9.672570508014842749e-01
3.274294592610141330e-02 9.672570540758018698e-01
3.274294265178455399e-02 9.672570573501186875e-01
3.274293937746835387e-02 9.672570606244348390e-01
3.274293610315280600e-02 9.672570638987504354e-01
3.274293282883791040e-02 9.672570671730653658e-01
3.274292955452367399e-02 9.672570704473795189e-01
3.274292628021008983e-02 9.672570737216931169e-01
3.274292300589715793e-02 9.672570769960060488e-01
3.274291973158488522e-02 9.672570802703183146e-01
3.274291645727326477e-02 9.672570835446300253e-01
3.274291318296230352e-02 9.672570868189409588e-01
3.274290990865199452e-02 9.672570900932512261e-01
3.274290663434233778e-02 9.672570933675609384e-01
3.274290336003334023e-02 9.672570966418698735e-01
3.274290008572499494e-02 9.672570999161782535e-01
3.274289681141730191e-02 9.672571031904859673e-01
3.274289353711026807e-02 9.672571064647930150e-01
3.274289026280388648e-02 9.672571097390993966e-01
3.274288698849816409e-02 9.672571130134051121e-01
3.274288371419309396e-02 9.672571162877101614e-01
3.274288543991317468e-02 9.672571145619900390e-01
3.274288716563291540e-02 9.672571128362701387e-01
3.274288889135230918e-02 9.672571111105506825e-01
3.274289061707135601e-02 9.672571093848315593e-01
3.274290234283506323e-02 9.672570976590678660e-01
3.274291406859642511e-02 9.672570859333063931e-01
3.274292579435544165e-02 9.672570742075473627e-01
3.274294752015410870e-02 9.672570524817487581e-01
3.274296924594843200e-02 9.672570307559543723e-01
3.274299097173841155e-02 9.672570090301644274e-01
3.274300769750454476e-02 9.672569923043983220e-01
3.274302442326733342e-02 9.672569755786356582e-01
3.274304114902677754e-02 9.672569588528763251e-01
3.274305787478287710e-02 9.672569421271202117e-01
3.274307460053563212e-02 9.672569254013675399e-01
3.274309132628504260e-02 9.672569086756181989e-01
3.274310305201460353e-02 9.672568969498885894e-01
3.274311477774182605e-02 9.672568852241614223e-01
3.274312650346669629e-02 9.672568734984364758e-01
3.274313822918922812e-02 9.672568617727138607e-01
3.274314995490941460e-02 9.672568500469936881e-01
3.274316168062724880e-02 9.672568383212758469e-01
3.274317340634274459e-02 9.672568265955603373e-01
3.274318013204288724e-02 9.672568198698602293e-01
3.274318685774169069e-02 9.672568131441614536e-01
3.274319358343914105e-02 9.672568064184640102e-01
3.274320030913525220e-02 9.672567996927678990e-01
3.274320703483001027e-02 9.672567929670732312e-01
3.274321376052342913e-02 9.672567862413797846e-01
3.274322548622550511e-02 9.672567745156777086e-01
3.274323721192524267e-02 9.672567627899779641e-01
3.274324893762262795e-02 9.672567510642805511e-01
3.274326066331766788e-02 9.672567393385854695e-01
3.274327238901036941e-02 9.672567276128927194e-01
3.274328411470071865e-02 9.672567158872023008e-01
3.274329584038872948e-02 9.672567041615143246e-01
3.274330756607438803e-02 9.672566924358285689e-01
3.274332429176370074e-02 9.672566757101392909e-01
3.274334101744967584e-02 9.672566589844534546e-01
3.274335774313229946e-02 9.672566422587708379e-01
3.274337446881157854e-02 9.672566255330916629e-01
3.274338619448351195e-02 9.672566138074196740e-01
3.274339792015310696e-02 9.672566020817501276e-01
3.274340964582034968e-02 9.672565903560828016e-01
3.274342137148525400e-02 9.672565786304179181e-01
3.274343309714780603e-02 9.672565669047552550e-01
3.274344482280801966e-02 9.672565551790950344e-01
3.274345154846487749e-02 9.672565484534382252e-01
3.274345827412039611e-02 9.672565417277827482e-01
3.274346499977456165e-02 9.672565350021286035e-01
