1.642561998219851938e-02
1.642561833962042153e-02
1.642561669704265676e-02
1.642561505446521811e-02
1.642561341188810559e-02
1.642561176931132613e-02
1.642561012673487281e-02
1.642560848415874908e-02
1.642560684158295148e-02
1.642560519900748695e-02
1.642560355643234507e-02
1.642560191385753626e-02
1.642560027128305358e-02
1.642559862870890050e-02
1.642559698613507702e-02
1.642559534356157966e-02
1.642559370098841190e-02
1.642559205841557374e-02
1.642559041584306170e-02
1.642558877327087927e-02
1.642558713069902643e-02
1.642558548812750319e-02
1.642558384555630607e-02
1.642558220298543856e-02
1.642558056041489717e-02
1.642557891784468538e-02
1.642557727527480319e-02
1.642557563270525059e-02
1.642557399013602412e-02
1.642557234756712725e-02
1.642557070499855998e-02
1.642556906243031883e-02
1.642556741986240729e-02
1.642556577729482534e-02
1.642556413472756952e-02
1.642556249216064329e-02
1.642556084959404666e-02
1.642555920702777617e-02
1.642555756446183873e-02
1.642555592189622396e-02
1.642555427933094225e-02
1.642555263676598667e-02
1.642555099420136069e-02
1.642554935163706431e-02
1.642554770907309405e-02
1.642554606650945340e-02
1.642554442394614234e-02
1.642554278138315740e-02
1.642554113882050207e-02
1.642553949625817633e-02
1.642553785369617672e-02
1.642553621113450671e-02
1.642553509489142957e-02
1.642553345233036324e-02
1.642553496767857474e-02
1.642553490407216987e-02
1.642553484046577195e-02
1.642553951372139123e-02
1.642554155538633598e-02
1.642554201809719172e-02
1.642554458607932075e-02
1.642554610142535690e-02
1.642555130099524613e-02
1.642555123738725920e-02
1.642555222641454288e-02
1.642555216280647268e-02
1.642555630973862452e-02
1.642555624613016227e-02
1.642555618252170696e-02
1.642555453996116105e-02
1.642555342371826085e-02
1.642555651801368491e-02
1.642555540177080900e-02
1.642555639079678817e-02
1.642555474823704023e-02
1.642555363199467780e-02
1.642555356838653474e-02
1.642555245214451232e-02
1.642555080958581909e-02
1.642554969334429280e-02
1.642554857710299202e-02
1.642554851349538672e-02
1.642554792357111410e-02
1.642554680733032332e-02
1.642554516477318094e-02
1.642554404853288977e-02
1.642554345860929715e-02
1.642554444763508550e-02
1.642554438402794165e-02
1.642554379410449128e-02
1.642554425681368863e-02
1.642554261425794790e-02
1.642554202433485488e-02
1.642554406599240277e-02
1.642554294975322876e-02
1.642554341246227345e-02
1.642554176990744172e-02
1.642554012735293612e-02
1.642553848479876011e-02
1.642553736856069979e-02
