6.961995087069892119e-01
6.961995390873360057e-01
6.961995694676768043e-01
6.961995998480114967e-01
6.961996302283401938e-01
6.961996606086626738e-01
6.961996909889791585e-01
6.961997213692895370e-01
6.961997517495939203e-01
6.961997821298920863e-01
6.961998125101843682e-01
6.961998428904704328e-01
6.961998732707503912e-01
6.961999036510243544e-01
6.961999340312922113e-01
6.961999644115540731e-01
6.961999947918097176e-01
6.962000251720593669e-01
6.962000555523029099e-01
6.962000859325404578e-01
6.962001163127717884e-01
6.962001466929971238e-01
6.962001770732164641e-01
6.962002074534295870e-01
6.962002378336367148e-01
6.962002682138377363e-01
6.962002985940327626e-01
6.962003289742215717e-01
6.962003593544043856e-01
6.962003897345810932e-01
6.962004201147518057e-01
6.962004504949163008e-01
6.962004808750748008e-01
6.962005112552273056e-01
6.962005416353735932e-01
6.962005720155138855e-01
6.962006023956480716e-01
6.962006327757761515e-01
6.962006631558982361e-01
6.962006935360142146e-01
6.962007239161240868e-01
6.962007542962278528e-01
6.962007846763256236e-01
6.962008150564172881e-01
6.962008454365028465e-01
6.962008758165824096e-01
6.962009061966558665e-01
6.962009365767232172e-01
6.962009669567844616e-01
6.962009973368397109e-01
6.962010277168887429e-01
6.962010580969318907e-01
6.962010884769688213e-01
6.962011188569997566e-01
6.962011492370245858e-01
6.962011796170433087e-01
6.962012099970559253e-01
6.962012403770625468e-01
6.962012707570630621e-01
6.962013011370574711e-01
6.962013315170458849e-01
6.962013618970281925e-01
6.962013922770043939e-01
6.962014226569744890e-01
6.962014530369385890e-01
6.962014834168965827e-01
6.962015137968484702e-01
6.962015441767943624e-01
6.962015745567341485e-01
6.962016049366678283e-01
6.962016353165954019e-01
6.962016656965168693e-01
6.962016960764323414e-01
6.962017264563417074e-01
6.962017568362450781e-01
6.962017872161423426e-01
6.962018175960333899e-01
6.962018479759185530e-01
6.962018783557974988e-01
6.962019087356704494e-01
6.962019391155372938e-01
6.962019694953980320e-01
6.962019998752527750e-01
6.962020302551014117e-01
6.962020606349439422e-01
6.962020910147803665e-01
6.962021213946107956e-01
6.962021517744351184e-01
6.962021821542533351e-01
6.962022125340655565e-01
6.962022429138715607e-01
6.962022732936715697e-01
6.962023036734655834e-01
6.962023340532533799e-01
6.962023644330351813e-01
6.962023948128108763e-01
6.962024251925805762e-01
6.962024555723440589e-01
6.962024859521015463e-01
6.962025163318529275e-01
