6.797210816837283565e-01
6.797211137119341107e-01
6.797211457401333146e-01
6.797211777683263012e-01
6.797212097965127375e-01
6.797212088923877404e-01
6.797212409205646289e-01
6.797212729487351890e-01
6.797213049768994209e-01
6.797213370050571024e-01
6.797213690332084557e-01
6.797214010613534807e-01
6.797214330894919554e-01
6.797214651176241018e-01
6.797214971457498089e-01
6.797215291738691878e-01
6.797215612019821274e-01
6.797215932300886276e-01
6.797216252581886886e-01
6.797216572862824213e-01
6.797216893143697147e-01
6.797217213424505688e-01
6.797217533705250947e-01
6.797217853985931812e-01
6.797218033329036624e-01
6.797218353609603136e-01
6.797218673890105256e-01
6.797218994170544093e-01
6.797219314450918537e-01
6.797219634731229698e-01
6.797219955011476467e-01
6.797220120864744253e-01
6.797220441144877778e-01
6.797220761424948021e-01
6.797221081704953871e-01
6.797221401984895328e-01
6.797221722264772392e-01
6.797221495071849029e-01
6.797221815351653929e-01
6.797222135631394435e-01
6.797222455911069439e-01
6.797222776190682270e-01
6.797223096470229597e-01
6.797223416749713643e-01
6.797223737029133295e-01
6.797224057308489664e-01
6.797224377587781641e-01
6.797224697867009224e-01
6.797225018146172415e-01
6.797225198892802300e-01
6.797225519171851138e-01
6.797225839450836693e-01
6.797226159729757855e-01
6.797226480008615734e-01
6.797226800287409221e-01
6.797227120566138314e-01
6.797227440844803015e-01
6.797227761123404433e-01
6.797228081401941457e-01
6.797228401680414089e-01
6.797228721958823439e-01
6.797229042237168395e-01
6.797229362515448958e-01
6.797229682793665129e-01
6.797230003071818016e-01
6.797230323349906511e-01
6.797230643627931723e-01
6.797230963905892542e-01
6.797231076000311845e-01
6.797231396278164972e-01
6.797231716555953707e-01
6.797232036833679159e-01
6.797232357111340217e-01
6.797232677388937994e-01
6.797232997666470267e-01
6.797233317943939257e-01
6.797233638221343854e-01
6.797233958498685169e-01
6.797234278775962091e-01
6.797234385161999848e-01
6.797234705439169078e-01
6.797235025716275025e-01
6.797235345993317690e-01
6.797235666270294852e-01
6.797235986547208730e-01
6.797236306824058216e-01
6.797236627100844419e-01
6.797236924724249230e-01
6.797237245000909978e-01
6.797237565277505222e-01
6.797237885554037184e-01
6.797238205830504754e-01
6.797238526106907930e-01
6.797238846383247823e-01
6.797239166659523324e-01
6.797239486935734432e-01
6.797239807211882257e-01
6.797240127487965689e-01
6.797240447763984728e-01
6.797240768039939374e-01
