# k f_up f_allD C_global_avg
2.000000 0.399560 0.600440 0.389981
3.000000 0.343165 0.656835 0.304976
4.000000 0.142232 0.857768 0.108526
5.000000 0.068294 0.931706 0.040115
6.000000 0.044448 0.955552 0.020020
7.000000 0.037857 0.962143 0.014317
8.000000 0.033738 0.966262 0.010777
9.000000 0.031889 0.968111 0.008924
10.000000 0.029993 0.970007 0.007435
11.000000 0.029065 0.970935 0.006476
12.000000 0.027965 0.972035 0.005621
13.000000 0.027885 0.972115 0.005134
14.000000 0.027422 0.972578 0.004660
15.000000 0.027171 0.972829 0.004293
16.000000 0.026868 0.973132 0.003934
17.000000 0.026187 0.973813 0.003579
18.000000 0.026148 0.973852 0.003365
19.000000 0.026227 0.973773 0.003186
20.000000 0.025683 0.974317 0.002951
21.000000 0.025754 0.974246 0.002806
22.000000 0.025896 0.974104 0.002694
23.000000 0.025772 0.974228 0.002555
24.000000 0.026119 0.973881 0.002474
25.000000 0.025279 0.974721 0.002289
26.000000 0.025456 0.974544 0.002213
27.000000 0.025384 0.974616 0.002123
28.000000 0.024979 0.975021 0.002009
29.000000 0.025459 0.974541 0.001978
30.000000 0.025127 0.974873 0.001883
31.000000 0.025198 0.974802 0.001823
32.000000 0.025130 0.974870 0.001758
33.000000 0.025364 0.974636 0.001722
34.000000 0.025070 0.974930 0.001648
35.000000 0.025092 0.974908 0.001600
36.000000 0.025451 0.974549 0.001580
37.000000 0.025000 0.975000 0.001501
38.000000 0.025488 0.974512 0.001496
39.000000 0.025094 0.974906 0.001432
40.000000 0.024845 0.975155 0.001382
41.000000 0.025185 0.974815 0.001364
42.000000 0.025171 0.974829 0.001332
43.000000 0.025236 0.974764 0.001304
44.000000 0.024917 0.975083 0.001255
45.000000 0.024961 0.975039 0.001228
46.000000 0.024704 0.975296 0.001186
47.000000 0.025238 0.974762 0.001190
48.000000 0.024900 0.975100 0.001149
49.000000 0.024824 0.975176 0.001120
50.000000 0.025003 0.974997 0.001105
51.000000 0.024291 0.975709 0.001050
52.000000 0.024587 0.975413 0.001042
53.000000 0.024758 0.975242 0.001029
54.000000 0.025076 0.974924 0.001025
55.000000 0.025029 0.974971 0.001006
56.000000 0.024390 0.975610 0.000959
57.000000 0.024913 0.975087 0.000963
58.000000 0.024578 0.975422 0.000931
59.000000 0.024981 0.975019 0.000931
60.000000 0.024333 0.975667 0.000889
61.000000 0.024746 0.975254 0.000892
62.000000 0.024926 0.975074 0.000886
63.000000 0.024733 0.975267 0.000863
64.000000 0.024851 0.975149 0.000854
65.000000 0.024402 0.975598 0.000823
66.000000 0.024856 0.975144 0.000827
67.000000 0.024536 0.975464 0.000803
68.000000 0.024818 0.975182 0.000800
69.000000 0.024819 0.975181 0.000790
70.000000 0.024735 0.975265 0.000776
71.000000 0.024498 0.975502 0.000757
72.000000 0.024503 0.975497 0.000746
73.000000 0.024644 0.975356 0.000739
74.000000 0.024734 0.975266 0.000733
75.000000 0.024908 0.975092 0.000728
76.000000 0.024734 0.975266 0.000714
77.000000 0.024972 0.975028 0.000710
78.000000 0.024342 0.975658 0.000683
79.000000 0.024342 0.975658 0.000673
80.000000 0.024515 0.975485 0.000670
81.000000 0.024566 0.975434 0.000664
82.000000 0.024070 0.975930 0.000641
83.000000 0.024428 0.975572 0.000643
84.000000 0.024755 0.975245 0.000645
85.000000 0.024606 0.975394 0.000633
86.000000 0.025024 0.974976 0.000636
87.000000 0.024391 0.975609 0.000612
88.000000 0.024608 0.975392 0.000612
89.000000 0.024683 0.975317 0.000607
90.000000 0.024357 0.975643 0.000591
91.000000 0.024841 0.975159 0.000596
92.000000 0.024557 0.975443 0.000583
93.000000 0.024920 0.975080 0.000585
94.000000 0.024637 0.975363 0.000574
95.000000 0.024794 0.975206 0.000569
96.000000 0.024862 0.975138 0.000566
97.000000 0.024700 0.975300 0.000555
98.000000 0.024471 0.975529 0.000545
99.000000 0.024722 0.975278 0.000545
100.000000 0.024689 0.975311 0.000539
101.000000 0.024645 0.975355 0.000533
102.000000 0.024724 0.975276 0.000529
103.000000 0.024903 0.975097 0.000527
104.000000 0.024359 0.975641 0.000511
105.000000 0.024436 0.975564 0.000507
106.000000 0.025012 0.974988 0.000515
107.000000 0.024093 0.975907 0.000491
108.000000 0.024805 0.975195 0.000501
109.000000 0.024797 0.975203 0.000496
110.000000 0.024292 0.975708 0.000481
111.000000 0.025341 0.974659 0.000499
112.000000 0.024391 0.975609 0.000475
113.000000 0.024805 0.975195 0.000479
114.000000 0.024563 0.975437 0.000470
115.000000 0.024587 0.975413 0.000467
116.000000 0.024815 0.975185 0.000467
117.000000 0.024740 0.975260 0.000461
118.000000 0.024313 0.975687 0.000450
119.000000 0.024284 0.975716 0.000444
120.000000 0.024772 0.975228 0.000450
121.000000 0.024477 0.975523 0.000441
122.000000 0.024793 0.975207 0.000443
123.000000 0.024269 0.975731 0.000429
124.000000 0.024550 0.975450 0.000431
125.000000 0.024653 0.975347 0.000430
126.000000 0.024618 0.975382 0.000425
127.000000 0.024350 0.975650 0.000417
128.000000 0.025056 0.974944 0.000427
129.000000 0.024476 0.975524 0.000413
130.000000 0.025047 0.974953 0.000420
131.000000 0.024342 0.975658 0.000404
132.000000 0.024433 0.975567 0.000403
133.000000 0.024872 0.975128 0.000408
134.000000 0.025043 0.974957 0.000408
135.000000 0.024624 0.975376 0.000396
136.000000 0.024989 0.975011 0.000400
137.000000 0.024470 0.975530 0.000388
138.000000 0.024296 0.975704 0.000382
139.000000 0.024474 0.975526 0.000383
140.000000 0.024833 0.975167 0.000386
141.000000 0.024558 0.975442 0.000378
142.000000 0.024460 0.975540 0.000374
143.000000 0.025165 0.974835 0.000383
144.000000 0.024200 0.975800 0.000365
145.000000 0.024810 0.975190 0.000372
146.000000 0.024606 0.975394 0.000367
147.000000 0.024408 0.975592 0.000361
148.000000 0.024777 0.975223 0.000364
149.000000 0.024993 0.975007 0.000365
150.000000 0.024706 0.975294 0.000358
151.000000 0.024443 0.975557 0.000352
152.000000 0.024747 0.975253 0.000355
153.000000 0.024601 0.975399 0.000350
154.000000 0.024445 0.975555 0.000346
155.000000 0.024411 0.975589 0.000342
156.000000 0.024632 0.975368 0.000343
157.000000 0.024700 0.975300 0.000342
158.000000 0.024307 0.975693 0.000334
159.000000 0.024297 0.975703 0.000331
160.000000 0.024266 0.975734 0.000329
161.000000 0.024220 0.975780 0.000327
162.000000 0.024831 0.975169 0.000333
163.000000 0.024554 0.975446 0.000327
164.000000 0.024505 0.975495 0.000324
165.000000 0.024183 0.975817 0.000318
166.000000 0.024366 0.975634 0.000319
167.000000 0.024564 0.975436 0.000319
168.000000 0.024358 0.975642 0.000315
169.000000 0.024822 0.975178 0.000319
170.000000 0.024002 0.975998 0.000306
171.000000 0.024659 0.975341 0.000313
172.000000 0.024648 0.975352 0.000312
173.000000 0.024911 0.975089 0.000313
174.000000 0.024769 0.975231 0.000310
175.000000 0.024578 0.975422 0.000305
176.000000 0.024673 0.975327 0.000305
177.000000 0.024398 0.975602 0.000300
178.000000 0.024615 0.975385 0.000300
179.000000 0.024222 0.975778 0.000294
