5.993981149176386136e-01
5.993981549782196883e-01
5.993981950387928803e-01
5.993982350993578567e-01
5.993982751599149505e-01
5.993983152204640508e-01
5.993983552810050464e-01
5.993983953415380483e-01
5.993984354020630567e-01
5.993984754625800715e-01
5.993985155230890927e-01
5.993985555835901202e-01
5.993985956440830432e-01
5.993986357045679725e-01
5.993986757650449082e-01
5.993987158255138503e-01
5.993987558859747988e-01
5.993987959464277537e-01
5.993988360068726040e-01
5.993988760673094607e-01
5.993989161277383237e-01
5.993989561881591932e-01
5.993989962485720691e-01
5.993990363089769513e-01
5.993990763693737289e-01
5.993991164297625129e-01
5.993991564901433033e-01
5.993991965505161001e-01
5.993992366108809033e-01
5.993992766712376019e-01
5.993993167315864179e-01
5.993993567919271293e-01
5.993993968522598470e-01
5.993994369125845711e-01
5.993994769729013017e-01
5.993995170332099276e-01
5.993995570935106709e-01
5.993995971538033096e-01
5.993996372140879547e-01
5.993996772743646062e-01
5.993997173346332641e-01
5.993997490701963304e-01
5.993997635631697074e-01
5.993997879712258392e-01
5.993998184779079086e-01
5.993998189547622424e-01
5.993998129810813591e-01
5.993998070362596131e-01
5.993998225817289693e-01
5.993998556535352629e-01
5.993998957137459671e-01
5.993999357739486777e-01
5.993999758341433948e-01
5.994000158943301182e-01
5.994000559545088480e-01
5.994000960146794732e-01
5.994001360748421048e-01
5.994001761349967428e-01
5.994002161951433871e-01
5.994002562552820379e-01
5.994002963154125840e-01
5.994003363755352476e-01
5.994003764356498065e-01
5.994004164957563718e-01
5.994004565558549436e-01
5.994004966159455217e-01
5.994005366760279951e-01
5.994005663553078067e-01
5.994005937524102823e-01
5.994006136961782527e-01
5.994006420391650991e-01
5.994006773873762350e-01
5.994007174474166311e-01
5.994007575074490335e-01
5.994007975674734423e-01
5.994008376274898575e-01
5.994008776874982791e-01
5.994009177474985961e-01
5.994009578074909195e-01
5.994009978674752492e-01
5.994010379274515854e-01
5.994010779874199280e-01
5.994011180473802769e-01
5.994011581073325212e-01
5.994011981672767719e-01
5.994012382272130290e-01
5.994012782871412925e-01
5.994013183470615624e-01
5.994013584069738387e-01
5.994013984668780104e-01
5.994014385267741885e-01
5.994014785866623729e-01
5.994015186465425638e-01
5.994015587064147610e-01
5.994015987662789646e-01
5.994016388261350636e-01
5.994016788859831690e-01
5.994017189458232808e-01
5.994017590056553990e-01
5.994017990654795236e-01
