6.379636045182992543e-01
6.379636407222936123e-01
6.379636769262807539e-01
6.379637131302605679e-01
6.379637493342331656e-01
6.379637492150292966e-01
6.379637854189911250e-01
6.379638216229456260e-01
6.379638578268929106e-01
6.379638812510862733e-01
6.379639174550203462e-01
6.379639536589472026e-01
6.379639740723450636e-01
6.379640102762590415e-01
6.379640464801658029e-01
6.379640826840652368e-01
6.379640921736089432e-01
6.379641283774966087e-01
6.379641571908832853e-01
6.379641933947572952e-01
6.379642295986238665e-01
6.379642658024833324e-01
6.379643020063355818e-01
6.379643382101805038e-01
6.379643744140182093e-01
6.379644106178486984e-01
6.379644468216718600e-01
6.379644830254879162e-01
6.379645192292966449e-01
6.379645554330981572e-01
6.379645916368923420e-01
6.379646201234102643e-01
6.379646449033100630e-01
6.379646691121962920e-01
6.379647053159647196e-01
6.379647415197259308e-01
6.379647686889401426e-01
6.379647963107534236e-01
6.379648325144946508e-01
6.379648687182285505e-01
6.379649049219553447e-01
6.379649329446854811e-01
6.379649597331922273e-01
6.379649959368990375e-01
6.379650265202487791e-01
6.379650627239417116e-01
6.379650989276273165e-01
6.379651351313055940e-01
6.379651713349767661e-01
6.379652075386406107e-01
6.379652437422972389e-01
6.379652799459466506e-01
6.379653161495888458e-01
6.379653523532238246e-01
6.379653856768484621e-01
6.379654155200407128e-01
6.379654490218757967e-01
6.379654852254829089e-01
6.379655214290828047e-01
6.379655576326754840e-01
6.379655938362609469e-01
6.379656300398390822e-01
6.379656502351936931e-01
6.379656864387589499e-01
6.379657226423169902e-01
6.379657395965131483e-01
6.379657758000586432e-01
6.379657832246146132e-01
6.379658194281485617e-01
6.379658556316751827e-01
6.379658918351946983e-01
6.379659280387068865e-01
6.379659642422117471e-01
6.379659864726165974e-01
6.379659810331913539e-01
6.379659859054963578e-01
6.379660221089810124e-01
6.379660296415265996e-01
6.379660580187564989e-01
6.379660743682716850e-01
6.379660975367311693e-01
6.379661218318719573e-01
6.379661516956739442e-01
6.379661878991167434e-01
6.379662241025522151e-01
6.379662537688313151e-01
6.379662696397583321e-01
6.379663058431748190e-01
6.379663392147925105e-01
6.379663666106221154e-01
6.379663885507497190e-01
6.379663987120970381e-01
6.379664295092247750e-01
6.379664657126036253e-01
6.379664971687226682e-01
6.379664938315945388e-01
6.379665152575446641e-01
6.379665215058826222e-01
6.379665577092341611e-01
6.379665745453803050e-01
