4.293303903701317648e-01 5.706696096300837295e-01
4.293303474366719774e-01 5.706696525635435169e-01
4.293303045032207943e-01 5.706696954969947555e-01
4.293302615697781599e-01 5.706697384304373344e-01
4.293302186363441297e-01 5.706697813638713646e-01
4.293301757029187038e-01 5.706698242972968460e-01
4.293301327695018266e-01 5.706698672307136677e-01
4.293300898360935536e-01 5.706699101641219407e-01
4.293300469026938848e-01 5.706699530975215540e-01
4.293300039693028203e-01 5.706699960309127295e-01
4.293299610359203045e-01 5.706700389642952453e-01
4.293299181025463929e-01 5.706700818976691014e-01
4.293298751691810855e-01 5.706701248310344088e-01
4.293298322358243269e-01 5.706701677643911674e-01
4.293297893024761724e-01 5.706702106977393774e-01
4.293297463691365667e-01 5.706702536310789275e-01
4.293297034358056208e-01 5.706702965644099290e-01
4.293296605024832235e-01 5.706703394977322708e-01
4.293296175691693750e-01 5.706703824310460638e-01
4.293295746358641862e-01 5.706704253643513081e-01
4.293295317025675462e-01 5.706704682976480036e-01
4.293294887692795103e-01 5.706705112309360395e-01
4.293294458360000232e-01 5.706705541642155266e-01
4.293294029027291403e-01 5.706705970974863540e-01
4.293293599694668616e-01 5.706706400307486327e-01
4.293293170362131317e-01 5.706706829640023626e-01
4.293292741029680615e-01 5.706707258972474328e-01
4.293292311697314845e-01 5.706707688304839543e-01
4.293291882365035672e-01 5.706708117637119271e-01
4.293291453032841987e-01 5.706708546969313511e-01
4.293291023700734343e-01 5.706708976301421155e-01
4.293290594368712743e-01 5.706709405633442200e-01
4.293290165036776629e-01 5.706709834965378869e-01
4.293289735704926557e-01 5.706710264297228941e-01
4.293289306373162528e-01 5.706710693628992415e-01
4.293288877041483986e-01 5.706711122960671512e-01
4.293288447709891487e-01 5.706711552292264011e-01
4.293288018378385029e-01 5.706711981623769914e-01
4.293287589046964059e-01 5.706712410955191439e-01
4.293287159715629131e-01 5.706712840286526367e-01
4.293286730384380245e-01 5.706713269617774698e-01
4.293286301053216847e-01 5.706713698948938651e-01
4.293285871722139491e-01 5.706714128280014897e-01
4.293285442391148177e-01 5.706714557611006766e-01
4.293285013060242905e-01 5.706714986941912038e-01
4.293284583729423121e-01 5.706715416272731822e-01
4.293284154398689378e-01 5.706715845603466120e-01
4.293283725068041123e-01 5.706716274934113819e-01
4.293283295737478911e-01 5.706716704264676032e-01
4.293282866407002740e-01 5.706717133595151648e-01
4.293282437076612612e-01 5.706717562925542886e-01
4.293282007746307971e-01 5.706717992255847527e-01
4.293281578416089372e-01 5.706718421586065570e-01
4.293281149085956816e-01 5.706718850916198127e-01
4.293280719755909747e-01 5.706719280246245196e-01
4.293280290425948720e-01 5.706719709576206778e-01
4.293279861096073735e-01 5.706720138906081763e-01
4.293279431766284238e-01 5.706720568235871260e-01
4.293279002436580782e-01 5.706720997565574161e-01
4.293278573106963369e-01 5.706721426895191573e-01
4.293278143777431444e-01 5.706721856224723499e-01
4.293277714447985560e-01 5.706722285554168828e-01
4.293277285118625719e-01 5.706722714883529779e-01
4.293276855789351920e-01 5.706723144212803023e-01
4.293276426460163608e-01 5.706723573541991890e-01
4.293275997131061339e-01 5.706724002871094159e-01
4.293275567802044557e-01 5.706724432200110941e-01
4.293275138473113817e-01 5.706724861529041126e-01
4.293274709144269119e-01 5.706725290857885824e-01
4.293274279815510464e-01 5.706725720186645034e-01
4.293273850486837295e-01 5.706726149515317648e-01
4.293273421158250169e-01 5.706726578843904774e-01
4.293272991829748531e-01 5.706727008172406412e-01
4.293272562501333489e-01 5.706727437500821454e-01
4.293272133173003935e-01 5.706727866829151008e-01
4.293271703844759868e-01 5.706728296157395075e-01
4.293271274516602398e-01 5.706728725485552545e-01
4.293270845188530416e-01 5.706729154813624527e-01
4.293270415860543920e-01 5.706729584141611022e-01
4.293269986532644023e-01 5.706730013469510920e-01
4.293269557204829612e-01 5.706730442797325331e-01
4.293269127877101243e-01 5.706730872125054255e-01
4.293268698549458362e-01 5.706731301452696581e-01
4.293268269221901523e-01 5.706731730780253420e-01
4.293267839894430726e-01 5.706732160107724772e-01
4.293267410567045417e-01 5.706732589435109526e-01
4.293266981239746705e-01 5.706733018762408793e-01
4.293266551912532925e-01 5.706733448089621463e-01
4.293266122585405742e-01 5.706733877416749756e-01
4.293265693258364046e-01 5.706734306743791452e-01
4.293265263931408393e-01 5.706734736070746550e-01
4.293264834604538782e-01 5.706735165397616161e-01
4.293264405277754658e-01 5.706735594724400285e-01
4.293263975951056577e-01 5.706736024051098921e-01
4.293263546624443983e-01 5.706736453377710960e-01
4.293263117297917986e-01 5.706736882704237512e-01
4.293262687971477476e-01 5.706737312030677467e-01
4.293262258645122453e-01 5.706737741357031934e-01
4.293261829318854028e-01 5.706738170683300915e-01
4.293261399992671090e-01 5.706738600009484408e-01
