3.454193054418164821e-01
3.454192708995474370e-01
3.454192363572852753e-01
3.454192018150299970e-01
3.454191672727817131e-01
3.454191327305402570e-01
3.454190981883057399e-01
3.454190636460781616e-01
3.454190291038574667e-01
3.454189945616436552e-01
3.454189600194367826e-01
3.454189254772367934e-01
3.454188909350437431e-01
3.454188563928575761e-01
3.454188218506783481e-01
3.454187873085060034e-01
3.454187527663405421e-01
3.454187182241820198e-01
3.454186836820304363e-01
3.454186491398857362e-01
3.454186145977479194e-01
3.454185800556170416e-01
3.454185455134930471e-01
3.454185109713759916e-01
3.454184764292658194e-01
3.454184418871625861e-01
3.454184073450662362e-01
3.454183728029767697e-01
3.454183382608942421e-01
3.454183037188186534e-01
3.454182691767498925e-01
3.454182346346881261e-01
3.454182000926332430e-01
3.454181655505852433e-01
3.454181310085441270e-01
3.454180964665100051e-01
3.454180619244827111e-01
3.454180273824623559e-01
3.454179928404489397e-01
3.454179582984424068e-01
3.454179237564427574e-01
3.454178892144500468e-01
3.454178546724642196e-01
3.454178201304853313e-01
3.454177855885133264e-01
3.454177510465482603e-01
3.454177165045900777e-01
3.454176819626387784e-01
3.454176474206944181e-01
3.454176128787569966e-01
3.454175783368264585e-01
3.454175437949028038e-01
3.454175092529860880e-01
3.454174747110762556e-01
3.454174401691733620e-01
3.454174056272773519e-01
3.454173710853882806e-01
3.454173365435060927e-01
3.454173020016307882e-01
3.454172674597624226e-01
3.454172329179009959e-01
3.454171983760463971e-01
3.454171638341987927e-01
3.454171292923580716e-01
3.454170947505242339e-01
3.454170602086972797e-01
3.454170256668773198e-01
3.454169911250641878e-01
3.454169565832579947e-01
3.454169220414587405e-01
3.454168874996663696e-01
3.454168529578808822e-01
3.454168184161023336e-01
3.454167838743306684e-01
3.454167493325659422e-01
3.454167147908080993e-01
3.454166802490571953e-01
3.454166457073131746e-01
3.454166111655760374e-01
3.454165766238458390e-01
3.454165420821225241e-01
3.454165075404061480e-01
3.454164729986967108e-01
3.454164384569941015e-01
3.454164039152984866e-01
3.454163693736096996e-01
3.454163348319278515e-01
3.454163002902529422e-01
3.454162657485849164e-01
3.454162312069238294e-01
3.454161966652695703e-01
3.454161621236223056e-01
3.454161275819819243e-01
3.454160930403484264e-01
3.454160584987218674e-01
3.454160239571021918e-01
3.454159894154893995e-01
3.454159548738835461e-01
3.454159203322846317e-01
3.454158857906926006e-01
