2.620092363906220134e-01 7.379907636085906164e-01
2.620092196895347225e-01 7.379907803096780183e-01
2.620092029884507623e-01 7.379907970107619786e-01
2.620091850373581499e-01 7.379908149618547020e-01
2.620091673362714424e-01 7.379908326629412985e-01
2.620091498851906953e-01 7.379908501140221011e-01
2.620091319341087410e-01 7.379908680651040553e-01
2.620091137330280984e-01 7.379908862661846980e-01
2.620090962819578984e-01 7.379909037172548425e-01
2.620090785808889544e-01 7.379909214183237864e-01
2.620090608798235632e-01 7.379909391193891777e-01
2.620090434287639103e-01 7.379909565704487751e-01
2.620090254777033834e-01 7.379909745215093020e-01
2.620090080266507804e-01 7.379909919725619050e-01
2.620089905756016191e-01 7.379910094236110663e-01
2.620089721245476011e-01 7.379910278746650842e-01
2.620089539234993214e-01 7.379910460757134194e-01
2.620089359724567246e-01 7.379910640267560717e-01
2.620089177714157169e-01 7.379910822277970794e-01
2.620088993203762984e-01 7.379911006788364425e-01
2.620088803693366719e-01 7.379911196298761800e-01
2.620088614183007647e-01 7.379911385809120317e-01
2.620088419672648716e-01 7.379911580319479247e-01
2.620088220162290482e-01 7.379911779829837482e-01
2.620088018151953135e-01 7.379911981840174828e-01
2.620087813641638341e-01 7.379912186350490177e-01
2.620087606631345545e-01 7.379912393360783529e-01
2.620087399621094937e-01 7.379912600371034692e-01
2.620087195110902822e-01 7.379912804881226807e-01
2.620086988100734371e-01 7.379913011891395813e-01
2.620086773590555307e-01 7.379913226401574322e-01
2.620086561580436402e-01 7.379913438411692672e-01
2.620086349570359685e-01 7.379913650421769944e-01
2.620086140060342017e-01 7.379913859931787057e-01
2.620085935550398593e-01 7.379914064441730481e-01
2.620085723540447886e-01 7.379914276451681188e-01
2.620085511530539923e-01 7.379914488461589706e-01
2.620085297020658954e-01 7.379914702971470675e-01
2.620085085010835368e-01 7.379914914981293705e-01
2.620084873001054526e-01 7.379915126991074548e-01
2.620084663491331622e-01 7.379915336500797451e-01
2.620084458981679076e-01 7.379915541010449997e-01
2.620084256972081693e-01 7.379915743020047936e-01
2.620084057462538918e-01 7.379915942529590156e-01
2.620083852953008496e-01 7.379916147039120577e-01
2.620083648443519153e-01 7.379916351548609921e-01
2.620083438934043829e-01 7.379916561058085245e-01
2.620083226924597719e-01 7.379916773067531910e-01
2.620083014915193242e-01 7.379916985076936387e-01
2.620082807905856903e-01 7.379917192086272726e-01
2.620082603396574061e-01 7.379917396595555568e-01
2.620082398887332298e-01 7.379917601104797331e-01
2.620082196878142922e-01 7.379917803113986707e-01
2.620081994868994069e-01 7.379918005123136115e-01
2.620081792859885739e-01 7.379918207132245556e-01
2.620081588350806623e-01 7.379918411641324116e-01
2.620081383841768585e-01 7.379918616150362709e-01
2.620081176832760872e-01 7.379918823159370422e-01
2.620080972323804991e-01 7.379919027668326859e-01
2.620080770314899832e-01 7.379919229677232018e-01
2.620080570806044284e-01 7.379919429186088120e-01
2.620080376297247993e-01 7.379919623694883857e-01
2.620080176788472381e-01 7.379919823203660023e-01
2.620079972279718561e-01 7.379920027712413289e-01
2.620079767771005819e-01 7.379920232221126586e-01
2.620079560762325066e-01 7.379920439229807894e-01
2.620079356253694480e-01 7.379920643738437924e-01
2.620079146745088461e-01 7.379920853247043944e-01
2.620078942236540032e-01 7.379921057755592928e-01
2.620078737728032126e-01 7.379921262264099724e-01
2.620078530719558429e-01 7.379921469272574530e-01
2.620078326211132680e-01 7.379921673781000280e-01
2.620078116702734827e-01 7.379921883289398687e-01
2.620077907194378608e-01 7.379922092797754907e-01
2.620077697686064577e-01 7.379922302306068937e-01
2.620077488177792180e-01 7.379922511814340780e-01
2.620077276169555658e-01 7.379922723822577302e-01
2.620077066661367082e-01 7.379922933330765877e-01
2.620076852153209734e-01 7.379923147838922670e-01
2.620076637645095685e-01 7.379923362347037274e-01
2.620076428137033675e-01 7.379923571855098174e-01
2.620076218629014408e-01 7.379923781363117996e-01
2.620076009121036220e-01 7.379923990871095629e-01
2.620075804613108406e-01 7.379924195379023999e-01
2.620075600105221114e-01 7.379924399886911290e-01
2.620075398097378439e-01 7.379924601894753966e-01
2.620075196089576286e-01 7.379924803902556674e-01
2.620074994081814101e-01 7.379925005910319413e-01
2.620074789574090013e-01 7.379925210418043502e-01
2.620074587566408875e-01 7.379925412425725195e-01
2.620074385558768260e-01 7.379925614433365810e-01
2.620074186051170040e-01 7.379925813940964030e-01
2.620073979043606727e-01 7.379926020948528453e-01
2.620073772036085047e-01 7.379926227956050688e-01
2.620073557528600494e-01 7.379926442463534686e-01
2.620073345521159447e-01 7.379926654470975178e-01
2.620073133513761143e-01 7.379926866478373482e-01
2.620072921506405583e-01 7.379927078485729597e-01
2.620072704499091243e-01 7.379927295493043937e-01
2.620072489991820963e-01 7.379927510000313662e-01
