1.533031643187765818e-04
1.533031489883098951e-04
1.533031336578462983e-04
1.533031183273857645e-04
1.533031042500730440e-04
1.533030939321969332e-04
1.533030786017449646e-04
1.533030632712960859e-04
1.533030542065714206e-04
1.533030388761280171e-04
1.533030247988316952e-04
1.533030094683943091e-04
1.533029966442474540e-04
1.533029838201031738e-04
1.533029722491049181e-04
1.533029594249656524e-04
1.533029440945424694e-04
1.533029337766947647e-04
1.533029196994202081e-04
1.533029043690055902e-04
1.533028890385940352e-04
1.533028749613281794e-04
1.533028596309226417e-04
1.533028443005201669e-04
1.533028289701207549e-04
1.533028136397244058e-04
1.533027983093311467e-04
1.533027842320828008e-04
1.533027701548372466e-04
1.533027623433025430e-04
1.533027470129205325e-04
1.533027329356829473e-04
1.533027213647306076e-04
1.533027072874984162e-04
1.533026957165509554e-04
1.533026841456058256e-04
1.533026688152408100e-04
1.533026534848788843e-04
1.533026394076605166e-04
1.533026240773045811e-04
1.533026112532321836e-04
1.533025984291623610e-04
1.533025906176549793e-04
1.533025752873100756e-04
1.533025624632476799e-04
1.533025471329086580e-04
1.533025343088516561e-04
1.533025189785184889e-04
1.533025036481884117e-04
1.533024908241395956e-04
1.533024767469543773e-04
1.533024614166331092e-04
1.533024460863149311e-04
1.533024307559997888e-04
1.533024179319646878e-04
1.533024063610704613e-04
1.533023935370403748e-04
1.533023782067366165e-04
1.533023628764359483e-04
1.533023487992761817e-04
1.533023397346701280e-04
1.533023256575154843e-04
1.533023103272262001e-04
1.533022949969399789e-04
1.533022796666568205e-04
1.533022655895138319e-04
1.533022515123736622e-04
1.533022374352362844e-04
1.533022221049650251e-04
1.533022155466529719e-04
1.533022002163869711e-04
1.533021848861240060e-04
1.533021695558641308e-04
1.533021542256073186e-04
1.533021388953535692e-04
1.533021235651028827e-04
1.533021094879909835e-04
1.533020941577463144e-04
1.533020788275047080e-04
1.533020634972661646e-04
1.533020494201658935e-04
1.533020340899333674e-04
1.533020187597039041e-04
1.533020046826123338e-04
1.533019893523888608e-04
1.533019740221684777e-04
1.533019586919511304e-04
1.533019433617368731e-04
1.533019342971967390e-04
1.533019202201220551e-04
1.533019061430501901e-04
1.533018958253826527e-04
1.533018804951823545e-04
1.533018664181186753e-04
1.533018510879243673e-04
1.533018395171331400e-04
1.533018241869445783e-04
1.533018088567591065e-04
1.533017935265766705e-04
1.533017781963973245e-04
