2.503040980137049773e-02 9.749695902032653461e-01
2.503041201263690382e-02 9.749695879919989538e-01
2.503041408104433527e-02 9.749695859235915085e-01
2.503041614945135732e-02 9.749695838551845073e-01
2.503041836071646237e-02 9.749695816439193363e-01
2.503042042912264134e-02 9.749695795755132233e-01
2.503042264038687556e-02 9.749695773642489405e-01
2.503042485165066916e-02 9.749695751529851018e-01
2.503042677719713449e-02 9.749695732274386017e-01
2.503042855988478824e-02 9.749695714447510486e-01
2.503043034257208463e-02 9.749695696620638286e-01
2.503043226811742239e-02 9.749695677365184387e-01
2.503043433652076336e-02 9.749695656681151013e-01
2.503043597634857162e-02 9.749695640282872722e-01
2.503043790189277140e-02 9.749695621027431036e-01
2.503043997029492582e-02 9.749695600343409874e-01
2.503044189583833803e-02 9.749695581087974849e-01
2.503044396423968407e-02 9.749695560403962569e-01
2.503044617549891188e-02 9.749695538291369701e-01
2.503044852961598329e-02 9.749695514750199576e-01
2.503045074087431252e-02 9.749695492637615590e-01
2.503045295213220112e-02 9.749695470525036045e-01
2.503045487767316044e-02 9.749695451269625446e-01
2.503045694607196336e-02 9.749695430585638700e-01
2.503045901447035343e-02 9.749695409901655285e-01
2.503046079715192870e-02 9.749695392074839706e-01
2.503046200840040869e-02 9.749695379962354247e-01
2.503046307679046914e-02 9.749695369278453816e-01
2.503046400232216209e-02 9.749695360023136192e-01
2.503046492785367116e-02 9.749695350767820790e-01
2.503046585338499636e-02 9.749695341512506497e-01
2.503046692177424495e-02 9.749695330828614948e-01
2.503046856159568331e-02 9.749695314430399939e-01
2.503046991570061913e-02 9.749695300889350547e-01
2.503047141266336040e-02 9.749695285919723897e-01
2.503047290962579982e-02 9.749695270950100578e-01
2.503047440658794087e-02 9.749695255980480590e-01
2.503047618926583853e-02 9.749695238153701649e-01
2.503047797194337884e-02 9.749695220326927148e-01
2.503047961176256553e-02 9.749695203928735454e-01
2.503048182301336258e-02 9.749695181816226963e-01
2.503048374854777505e-02 9.749695162560881867e-01
2.503048553122384778e-02 9.749695144734121799e-01
2.503048702818367818e-02 9.749695129764525126e-01
2.503048852514321021e-02 9.749695114794930673e-01
2.503048973638661440e-02 9.749695102682495174e-01
2.503049137620347309e-02 9.749695086284326795e-01
2.503049287316212040e-02 9.749695071314741224e-01
2.503049408440472662e-02 9.749695059202314606e-01
2.503049543850494399e-02 9.749695045661312953e-01
2.503049679260489421e-02 9.749695032120313520e-01
2.503049828956240008e-02 9.749695017150739051e-01
2.503049992937741997e-02 9.749695000752588436e-01
2.503050128347651324e-02 9.749694987211597885e-01
2.503050263757533589e-02 9.749694973670609555e-01
2.503050384881611370e-02 9.749694961558200701e-01
2.503050491719889525e-02 9.749694950874373545e-01
2.503050612843920469e-02 9.749694938761969132e-01
2.503050719682154562e-02 9.749694928078146416e-01
2.503050783663052919e-02 9.749694921680056581e-01
2.503050861929708229e-02 9.749694913853390599e-01
2.503050911624810776e-02 9.749694908883881350e-01
2.503050932748369234e-02 9.749694906771526615e-01
2.503050939586157556e-02 9.749694906087748025e-01
2.503050946423944489e-02 9.749694905403969436e-01
2.503050924690204682e-02 9.749694907577343139e-01
2.503050902956468690e-02 9.749694909750716842e-01
2.503050881222737556e-02 9.749694911924090546e-01
2.503050859489010238e-02 9.749694914097463139e-01
2.503050852041045077e-02 9.749694914842259585e-01
2.503050830307325045e-02 9.749694917015631068e-01
2.503050808573609870e-02 9.749694919189002551e-01
2.503050786839898512e-02 9.749694921362374034e-01
2.503050793677694813e-02 9.749694920678594334e-01
2.503050800515489380e-02 9.749694919994815745e-01
2.503050807353282906e-02 9.749694919311036045e-01
2.503050814191074697e-02 9.749694918627256346e-01
2.503050821028865447e-02 9.749694917943477757e-01
2.503050827866654809e-02 9.749694917259699167e-01
2.503050863275928586e-02 9.749694913718771616e-01
2.503050912970936764e-02 9.749694908749271249e-01
2.503050962665934881e-02 9.749694903779771993e-01
2.503051012360922936e-02 9.749694898810273846e-01
2.503051033484426924e-02 9.749694896697924662e-01
2.503051068893662537e-02 9.749694893157000442e-01
2.503051090017156810e-02 9.749694891044652367e-01
2.503051111140646573e-02 9.749694888932304293e-01
2.503051132264132519e-02 9.749694886819956219e-01
2.503051167673343846e-02 9.749694883279035329e-01
2.503051203082548581e-02 9.749694879738114439e-01
2.503051252777472799e-02 9.749694874768622954e-01
2.503051316758113029e-02 9.749694868370558654e-01
2.503051395024464762e-02 9.749694860543923758e-01
2.503051473290800882e-02 9.749694852717289972e-01
2.503051551557121043e-02 9.749694844890658407e-01
2.503051615537706109e-02 9.749694838492599658e-01
2.503051650946841108e-02 9.749694834951686540e-01
2.503051729213119983e-02 9.749694827125059415e-01
2.503051778907952260e-02 9.749694822155576812e-01
2.503051857174202685e-02 9.749694814328951908e-01
