7.449954604605845971e-05
7.449955085856670752e-05
7.449956384609709732e-05
7.449957356361597402e-05
7.449958328113291271e-05
7.449958564112932054e-05
7.449959086238219395e-05
7.449959444863021884e-05
7.449959680862481063e-05
7.449960284737674728e-05
7.449960643362250889e-05
7.449961042861833068e-05
7.449961769361933652e-05
7.449962046236111534e-05
7.449962282235168202e-05
7.449963499235674378e-05
7.449964184860180766e-05
7.449965115734873686e-05
7.449966332734730696e-05
7.449966773108470503e-05
7.449967213482122218e-05
7.449967367730421465e-05
7.449967848978959935e-05
7.449968248477342714e-05
7.449968770600721860e-05
7.449969905849318649e-05
7.449970019222254092e-05
7.449970050845140909e-05
7.449970532093122370e-05
7.449970808965981591e-05
7.449970799713778367e-05
7.449971035711559742e-05
7.449971639584228571e-05
7.449972284331766537e-05
7.449972438579358341e-05
7.449972674576879508e-05
7.449973237574166916e-05
7.449974372820954442e-05
7.449974976692928027e-05
7.449975539689815635e-05
7.449976020936669525e-05
7.449976216058736087e-05
7.449976492930666960e-05
7.449977382926761089e-05
7.449978068547959305e-05
7.449978468044440665e-05
7.449978663166164348e-05
7.449979307912096339e-05
7.449979789158189933e-05
7.449980679153420766e-05
7.449981119524360621e-05
7.449981600770127599e-05
7.449982572514732141e-05
7.449982808510816740e-05
7.449983085381755568e-05
7.449983730126729395e-05
7.449984170497101399e-05
7.449985060491181622e-05
7.449985337361785703e-05
7.449985982106275704e-05
7.449986626850638313e-05
7.449986903721002513e-05
7.449986894467220419e-05
7.449987007838037602e-05
7.449986835084797937e-05
7.449986907580740563e-05
7.449986980076669636e-05
7.449987216071981742e-05
7.449987084193636963e-05
7.449986911440475903e-05
7.449986575187999573e-05
7.449986525059424237e-05
7.449986556680518056e-05
7.449986751800906815e-05
7.449986538173044670e-05
7.449986201920772984e-05
7.449986397041138703e-05
7.449986551286655616e-05
7.449986337658899181e-05
7.449986573653993090e-05
7.449986891398632826e-05
7.449987004769246721e-05
7.449987077265048400e-05
7.449986904512131286e-05
7.449986895258368165e-05
7.449987131253265563e-05
7.449987285498569701e-05
7.449987848491524366e-05
7.449988002736726859e-05
7.449988238731418259e-05
7.449988065978505210e-05
7.449987770601371000e-05
7.449988292719247820e-05
7.449989019210738483e-05
7.449989663952604716e-05
7.449989532074371068e-05
7.449989563695088126e-05
7.449989554441071573e-05
7.449989626936503269e-05
7.449989862930796224e-05
