6.218515238517381416e-01
6.218515582921737561e-01
6.218515648565806631e-01
6.218515943246128996e-01
6.218516120770971600e-01
6.218516403899976286e-01
6.218516612607390970e-01
6.218516510161601341e-01
6.218516858445383155e-01
6.218517236597100872e-01
6.218517614748743094e-01
6.218517992900308711e-01
6.218518371051799942e-01
6.218518749203214568e-01
6.218519127354553699e-01
6.218519505505817335e-01
6.218519883657005476e-01
6.218520261808118121e-01
6.218520639959155272e-01
6.218521018110116927e-01
6.218521396261001977e-01
6.218521774411811531e-01
6.218522152562546701e-01
6.218522530713205265e-01
6.218522908863788334e-01
6.218523287014295908e-01
6.218523665164726877e-01
6.218524043315083460e-01
6.218524421465364549e-01
6.218524799615569032e-01
6.218525177765698020e-01
6.218525555915751513e-01
6.218525934065729510e-01
6.218526312215632013e-01
6.218526690365459020e-01
6.218527068515210532e-01
6.218527446664885439e-01
6.218527824814485960e-01
6.218528202964009877e-01
6.218528581113458298e-01
6.218528959262831224e-01
6.218529337412128655e-01
6.218529715561350590e-01
6.218530093710495921e-01
6.218530471859566866e-01
6.218530850008561206e-01
6.218531228157481161e-01
6.218531606306324511e-01
6.218531984455092365e-01
6.218532362603784724e-01
6.218532740752401589e-01
6.218533118900941847e-01
6.218533497049407721e-01
6.218533875197798100e-01
6.218534253346111873e-01
6.218534631494350151e-01
6.218535009642512934e-01
6.218535387790600222e-01
6.218535765938612014e-01
6.218536144086548312e-01
6.218536522234408004e-01
6.218536900382193311e-01
6.218537169431302969e-01
6.218537419818968015e-01
6.218537628771567682e-01
6.218538006919090977e-01
6.218538385066537666e-01
6.218538763213909970e-01
6.218539141361205669e-01
6.218539519508425872e-01
6.218539897655570581e-01
6.218540275802639794e-01
6.218540653949633512e-01
6.218541032096550625e-01
6.218541410243393353e-01
6.218541788390159475e-01
6.218542166536850102e-01
6.218542544683465234e-01
6.218542798958001105e-01
6.218542763620684699e-01
6.218542523545511624e-01
6.218542637643368343e-01
6.218542787388557924e-01
6.218543091650998722e-01
6.218543225965228460e-01
6.218543339133107972e-01
6.218543659371373877e-01
6.218543895874004690e-01
6.218544274020031404e-01
6.218544652165982622e-01
6.218545030311857236e-01
6.218545408457657464e-01
6.218545786603381087e-01
6.218546164749029215e-01
6.218546542894601847e-01
6.218546921040098985e-01
6.218547299185519517e-01
6.218547677330865664e-01
6.218548055476135206e-01
6.218548433621330362e-01
