7.362317937501375864e-01
7.362317978281476272e-01
7.362318115614228109e-01
7.362318243751462266e-01
7.362318254646178506e-01
7.362318267839764729e-01
7.362318023559688562e-01
7.362317756290944759e-01
7.362317666035359531e-01
7.362317594170763035e-01
7.362317756791025847e-01
7.362317841249648165e-01
7.362317824557949031e-01
7.362317994074751848e-01
7.362318117614116142e-01
7.362318381384520549e-01
7.362318645154871666e-01
7.362318908925169492e-01
7.362319172695415137e-01
7.362319436465608602e-01
7.362319700235748776e-01
7.362319964005835660e-01
7.362320227775870363e-01
7.362320491545852885e-01
7.362320755315782117e-01
7.362321019085658058e-01
7.362321282855481819e-01
7.362321546625252289e-01
7.362321810394970578e-01
7.362322074164635577e-01
7.362322337934248395e-01
7.362322176413559349e-01
7.362322030984965737e-01
7.362322101649779738e-01
7.362322137831598390e-01
7.362322300450999668e-01
7.362322212494077922e-01
7.362322319940683979e-01
7.362322323938361723e-01
7.362322587707711419e-01
7.362322851477008934e-01
7.362323115246254268e-01
7.362323379015445202e-01
7.362323642784585065e-01
7.362323906553671637e-01
7.362324170322704919e-01
7.362324434091686021e-01
7.362324697860613831e-01
7.362324961629489462e-01
7.362325225398311801e-01
7.362325489167081960e-01
7.362325752935799938e-01
7.362326016704463516e-01
7.362326280473076023e-01
7.362326544241634130e-01
7.362326808010140056e-01
7.362327071778593801e-01
7.362327335546994256e-01
7.362327599315342530e-01
7.362327863083637514e-01
7.362328126851880317e-01
7.362328390620069829e-01
7.362328654388206051e-01
7.362328918156291202e-01
7.362329181924321952e-01
7.362329445692300522e-01
7.362329709460226912e-01
7.362329973228100011e-01
7.362330236995919819e-01
7.362330500763687446e-01
7.362330764531402894e-01
7.362331028299065050e-01
7.362331292066673916e-01
7.362331555834230601e-01
7.362331819601733995e-01
7.362332083369185209e-01
7.362332347136584243e-01
7.362332610903928876e-01
7.362332874671222438e-01
7.362333138438462710e-01
7.362333402205649691e-01
7.362333665972784491e-01
7.362333929739866001e-01
7.362334193506895330e-01
7.362334457273871369e-01
7.362334721040795227e-01
7.362334984807665794e-01
7.362335248574483071e-01
7.362335512341249277e-01
7.362335776107961083e-01
7.362336039874620708e-01
7.362336303641228152e-01
7.362336567407782306e-01
7.362336831174284280e-01
7.362337094940732962e-01
7.362337358707128354e-01
7.362337622473471566e-01
7.362337886239762597e-01
7.362338150006000337e-01
7.362338413772184786e-01
