6.719826548502981778e-01
6.719826876523541381e-01
6.719827204544035482e-01
6.719827532564464079e-01
6.719827860584827173e-01
6.719828188605124764e-01
6.719828516625355741e-01
6.719828844645522326e-01
6.719829172665622297e-01
6.719829500685657875e-01
6.719829828705626840e-01
6.719830156725530301e-01
6.719830484745368260e-01
6.719830812765141825e-01
6.719831140784847667e-01
6.719831468804489116e-01
6.719831796824065062e-01
6.719832124843575505e-01
6.719832452863019334e-01
6.719832780882398771e-01
6.719833108901711594e-01
6.719833436920960024e-01
6.719833764940141840e-01
6.719834092959258154e-01
6.719834420978308964e-01
6.719834748997294271e-01
6.719835077016214075e-01
6.719835405035067266e-01
6.719835733053856064e-01
6.719836061072579358e-01
6.719836389091236040e-01
6.719836717109828328e-01
6.719837045128354003e-01
6.719837373146814175e-01
6.719837701165208843e-01
6.719838029183538008e-01
6.719838357201801671e-01
6.719838685219999830e-01
6.719839013238132486e-01
6.719839341256198528e-01
6.719839669274200178e-01
6.719839997292136324e-01
6.719840325310005857e-01
6.719840653327809887e-01
6.719840981345548414e-01
6.719841309363222548e-01
6.719841637380830068e-01
6.719841965398372086e-01
6.719842293415847490e-01
6.719842621433258500e-01
6.719842949450604008e-01
6.719843277467882903e-01
6.719843605485097404e-01
6.719843933502245292e-01
6.719844261519328787e-01
6.719844589536345669e-01
6.719844917553297048e-01
6.719845245570182923e-01
6.719845573587003296e-01
6.719845901603758165e-01
6.719846229620447531e-01
6.719846535414764066e-01
6.719846663430584233e-01
6.719846724779472424e-01
6.719846630572248181e-01
6.719846803032615279e-01
6.719846819936879934e-01
6.719847081286367541e-01
6.719847409302676100e-01
6.719847737318919156e-01
6.719848065335096710e-01
6.719848393351208760e-01
6.719848721367255306e-01
6.719849049383236350e-01
6.719849377399150780e-01
6.719849705415000818e-01
6.719850033430784242e-01
6.719850361446502163e-01
6.719850689462155691e-01
6.719851017477742605e-01
6.719851345493264017e-01
6.719851673508719925e-01
6.719852001524110330e-01
6.719852329539435232e-01
6.719852657554693520e-01
6.719852985569887416e-01
6.719853313585014698e-01
6.719853641600077587e-01
6.719853969615073863e-01
6.719854297630004636e-01
6.719854625644871016e-01
6.719854953659670782e-01
6.719855281674405045e-01
6.719855609689073805e-01
6.719855937703675952e-01
6.719856265718213706e-01
6.719856593732685957e-01
6.719856921747091594e-01
6.719857249761432838e-01
6.719857577775707469e-01
