5.976142006679558971e-01
5.976141417732941941e-01
5.976140829299269042e-01
5.976140242649453649e-01
5.976139652566055949e-01
5.976139065269869821e-01
5.976138478598109760e-01
5.976137890566366462e-01
5.976137301821243808e-01
5.976136717736258985e-01
5.976136130819704739e-01
5.976135542275605728e-01
5.976134954578901093e-01
5.976134365789773639e-01
5.976133777134543523e-01
5.976133188301058219e-01
5.976132600181185417e-01
5.976132014112729429e-01
5.976131423674233556e-01
5.976130834595954067e-01
5.976130244871188379e-01
5.976129656484343577e-01
5.976129069569200425e-01
5.976128480892732853e-01
5.976127890321163427e-01
5.976127300574689549e-01
5.976126708241915608e-01
5.976126117782184499e-01
5.976125527612428101e-01
5.976124938958965460e-01
5.976124348454994184e-01
5.976123759088273202e-01
5.976123168829802212e-01
5.976122578593745516e-01
5.976121987844983385e-01
5.976121398188876110e-01
5.976120808778151439e-01
5.976120218185820843e-01
5.976119627281453184e-01
5.976119035730601547e-01
5.976118443310297623e-01
5.976117851982648554e-01
5.976117261413205206e-01
5.976116670732396496e-01
5.976116077799743520e-01
5.976115485759074808e-01
5.976114894967137214e-01
5.976114303216560897e-01
5.976113711354620328e-01
5.976113117709066502e-01
5.976112524264299841e-01
5.976111932402715654e-01
5.976111339983832815e-01
5.976110747297509462e-01
5.976110154968049537e-01
5.976109563017751869e-01
5.976108971379724411e-01
5.976108380589089109e-01
5.976107788326993076e-01
5.976107195998126009e-01
5.976106604605835315e-01
5.976106013615002377e-01
5.976105421085821101e-01
5.976104829314843325e-01
5.976104237655466278e-01
5.976103645817835153e-01
5.976103054693814309e-01
5.976102463324649561e-01
5.976101871688042078e-01
5.976101280653562942e-01
5.976100689686091316e-01
5.976100097782279796e-01
5.976099506012366724e-01
5.976098914621614799e-01
5.976098324256623462e-01
5.976097732353286007e-01
5.976097139469016550e-01
5.976096546005154053e-01
5.976095953567053254e-01
5.976095361641893255e-01
5.976094770408044710e-01
5.976094178483121189e-01
5.976093587517069539e-01
5.976092995525491558e-01
5.976092404069150987e-01
5.976091812055515096e-01
5.976091219261616683e-01
5.976090626713098652e-01
5.976090033941734436e-01
5.976089441794791846e-01
5.976088849759451094e-01
5.976088259463360197e-01
5.976087667227586442e-01
5.976087074211552386e-01
5.976086482399649569e-01
5.976085890387197175e-01
5.976085298107305377e-01
5.976084705069447667e-01
5.976084111273627375e-01
5.976083518302897080e-01
