7.230445291320931611e-01
7.230445568279116886e-01
7.230445845237246649e-01
7.230446122195320902e-01
7.230446399153339643e-01
7.230446676111302873e-01
7.230446953069211702e-01
7.230447230027063910e-01
7.230447506984861716e-01
7.230447783942602902e-01
7.230448060900289686e-01
7.230448337857920960e-01
7.230448614815496722e-01
7.230448891773016973e-01
7.230449168730481713e-01
7.230449445687892052e-01
7.230449722645245769e-01
7.230449999602545086e-01
7.230450276559787781e-01
7.230450553516976075e-01
7.230450830474108859e-01
7.230451107431186131e-01
7.230451384388207892e-01
7.230451661345174141e-01
7.230451938302084880e-01
7.230452215258941218e-01
7.230452492215740934e-01
7.230452769172486249e-01
7.230453046129174943e-01
7.230453108336831747e-01
7.230453385293431623e-01
7.230453662249977098e-01
7.230453939206465952e-01
7.230454216162900405e-01
7.230454493119278236e-01
7.230454683408380490e-01
7.230454960364656181e-01
7.230455237320877471e-01
7.230455514277043250e-01
7.230455791233153517e-01
7.230456068189208274e-01
7.230456345145208630e-01
7.230456622101152364e-01
7.230456899057040587e-01
7.230457176012874410e-01
7.230457452968652721e-01
7.230457729924375521e-01
7.230458006880041699e-01
7.230458283835653477e-01
7.230458560791210854e-01
7.230458837746711609e-01
7.230459114702156853e-01
7.230459391657547696e-01
7.230459668612881918e-01
7.230459945568161739e-01
7.230460222523386049e-01
7.230460499478553738e-01
7.230460776433667025e-01
7.230461053388724801e-01
7.230461330343728177e-01
7.230461607298674931e-01
7.230461884253566174e-01
7.230462161208403016e-01
7.230462438163184347e-01
7.230462715117909056e-01
7.230462992072579365e-01
7.230463269027194162e-01
7.230463545981753448e-01
7.230463822936257223e-01
7.230464099890706597e-01
7.230464376845099350e-01
7.230464653799436592e-01
7.230464930753719432e-01
7.230465207707946762e-01
7.230465484662118580e-01
7.230465761616233777e-01
7.230466038570294574e-01
7.230466315524300969e-01
7.230466592478250742e-01
7.230466869432145005e-01
7.230467146385984867e-01
7.230467423339768107e-01
7.230467700293496947e-01
7.230467977247170275e-01
7.230468254200788092e-01
7.230468531154350398e-01
7.230468808107857193e-01
7.230469085061308476e-01
7.230469362014704249e-01
7.230469638968045620e-01
7.230469915921330371e-01
7.230470192874560720e-01
7.230470469827735558e-01
7.230470746780854885e-01
7.230471023733918701e-01
7.230471300686927005e-01
7.230471577639879799e-01
7.230471854592777081e-01
7.230472131545619963e-01
7.230472408498406223e-01
