6.528241923268727209e-01
6.528242179760361807e-01
6.528242305157581082e-01
6.528242442574909710e-01
6.528242789753964104e-01
6.528243136932948554e-01
6.528243484111863060e-01
6.528243831290708732e-01
6.528244178469485570e-01
6.528244525648192464e-01
6.528244872826829415e-01
6.528245220005397531e-01
6.528245567183895703e-01
6.528245914362325042e-01
6.528246261540684436e-01
6.528246608718973887e-01
6.528246955897194503e-01
6.528247303075346286e-01
6.528247650253428125e-01
6.528247670682079118e-01
6.528248017860055485e-01
6.528248365037961909e-01
6.528248712215798388e-01
6.528249059393566034e-01
6.528249406571263735e-01
6.528249753748891493e-01
6.528250100926450417e-01
6.528250210840971235e-01
6.528250282054494091e-01
6.528250574182462573e-01
6.528250853012982358e-01
6.528251200190257064e-01
6.528251357169992941e-01
6.528251704347148854e-01
6.528252051524234822e-01
6.528252398701251957e-01
6.528252745878199148e-01
6.528253093055076395e-01
6.528253440231884808e-01
6.528253787408624387e-01
6.528254134585294022e-01
6.528254481761893713e-01
6.528254763652767689e-01
6.528255110829235264e-01
6.528255458005634004e-01
6.528255805181962801e-01
6.528256152358222764e-01
6.528256499534412782e-01
6.528256846710532857e-01
6.528257193886584098e-01
6.528257541062565394e-01
6.528257888238477857e-01
6.528258235414321486e-01
6.528258582590095171e-01
6.528258929765798912e-01
6.528259276941433820e-01
6.528259624116998783e-01
6.528259971292493802e-01
6.528260318467919987e-01
6.528260665643277338e-01
6.528261012818564746e-01
6.528261359993782209e-01
6.528261707168930839e-01
6.528262054344010634e-01
6.528262401519020486e-01
6.528262748693960393e-01
6.528263095868831467e-01
6.528263443043632597e-01
6.528263790218364893e-01
6.528264137393027244e-01
6.528264484567619652e-01
6.528264831742143226e-01
6.528265178916597966e-01
6.528265526090982762e-01
6.528265873265297614e-01
6.528265852963186511e-01
6.528266073148119020e-01
6.528266278009648982e-01
6.528266307917818256e-01
6.528266456350744207e-01
6.528266604907764226e-01
6.528266588979974028e-01
6.528266421111988960e-01
6.528266314543434978e-01
6.528266521981378467e-01
6.528266640772509843e-01
6.528266751047090422e-01
6.528266599629642952e-01
6.528266765692054552e-01
6.528266972903623566e-01
6.528267157670686327e-01
6.528267313736987321e-01
6.528267284493819433e-01
6.528267287402828023e-01
6.528267634576272460e-01
6.528267981749648063e-01
6.528268328922954833e-01
6.528268676096190548e-01
6.528269023269357429e-01
6.528269306314328224e-01
