7.123907588775976185e-01
7.123906876378236497e-01
7.123906163980637807e-01
7.123905451583182336e-01
7.123904739185870083e-01
7.123904026788699939e-01
7.123903314391671904e-01
7.123902601994785977e-01
7.123901889598043269e-01
7.123901177201442669e-01
7.123900464804984178e-01
7.123899752408668906e-01
7.123899040012495743e-01
7.123898327616464687e-01
7.123897615220576851e-01
7.123896902824831123e-01
7.123896190429228614e-01
7.123895478033767104e-01
7.123894765638448812e-01
7.123894053243273738e-01
7.123893340848240774e-01
7.123892628453349918e-01
7.123891916058601170e-01
7.123891203663995642e-01
7.123890491269532221e-01
7.123889778875210910e-01
7.123889066481032817e-01
7.123888354086996832e-01
7.123887641693104067e-01
7.123886929299352300e-01
7.123886216905743751e-01
7.123885504512278422e-01
7.123884792118955200e-01
7.123884079725774088e-01
7.123883367332735084e-01
7.123882654939839298e-01
7.123881942547085622e-01
7.123881230154474054e-01
7.123880517762005704e-01
7.123879805369679463e-01
7.123879092977496441e-01
7.123878380585455528e-01
7.123877668193556723e-01
7.123876955801800026e-01
7.123876243410186548e-01
7.123875531018715179e-01
7.123874818627385919e-01
7.123874106236199877e-01
7.123873393845155944e-01
7.123872681454255229e-01
7.123871969063495513e-01
7.123871256672880126e-01
7.123870544282405737e-01
7.123869831892074567e-01
7.123869119501885505e-01
7.123868407111838552e-01
7.123867694721934818e-01
7.123866982332173192e-01
7.123866269942554785e-01
7.123865557553077377e-01
7.123864845163744297e-01
7.123864132774552216e-01
7.123863420385503353e-01
7.123862707996596599e-01
7.123861995607831954e-01
7.123861283219210527e-01
7.123860570830731209e-01
7.123859858442395110e-01
7.123859146054200009e-01
7.123858433666148127e-01
7.123857721278239463e-01
7.123857008890472908e-01
7.123856296502848462e-01
7.123855584115366124e-01
7.123854871728027005e-01
7.123854159340829995e-01
7.123853446953775093e-01
7.123852734566863409e-01
7.123852022180093835e-01
7.123851309793467479e-01
7.123850597406983232e-01
7.123849885020641093e-01
7.123849172634441063e-01
7.123848460248384251e-01
7.123847747862469548e-01
7.123847035476696954e-01
7.123846323091067578e-01
7.123845610705580311e-01
7.123844898320236263e-01
7.123844185935033213e-01
7.123843473549973382e-01
7.123842761165056769e-01
7.123842048780282266e-01
7.123841336395649870e-01
7.123840624011159584e-01
7.123839911626812516e-01
7.123839199242607556e-01
7.123838486858544705e-01
7.123837774474625073e-01
7.123837062090847549e-01
