7.339488226428905193e-01
7.339487492472890340e-01
7.339486758517022036e-01
7.339486024561300281e-01
7.339485290605725076e-01
7.339484556650296421e-01
7.339483822695015425e-01
7.339483088739880978e-01
7.339482354784893081e-01
7.339481620830051734e-01
7.339480886875356935e-01
7.339480152920809797e-01
7.339479418966409208e-01
7.339478685012155168e-01
7.339477951058047678e-01
7.339477217104087847e-01
7.339476483150274566e-01
7.339475749196607834e-01
7.339475015243087652e-01
7.339474281289714019e-01
7.339473547336488046e-01
7.339472813383408623e-01
7.339472079430475748e-01
7.339471345477689423e-01
7.339470611525050758e-01
7.339469877572557532e-01
7.339469145919079729e-01
7.339468414265747365e-01
7.339467680313694897e-01
7.339466953258390047e-01
7.339466226203229526e-01
7.339465492251615597e-01
7.339464758300149327e-01
7.339464024348829607e-01
7.339463290397656436e-01
7.339462556446629815e-01
7.339461822495749743e-01
7.339461088545017331e-01
7.339460354594431468e-01
7.339459620643992155e-01
7.339458886693700501e-01
7.339458152743554287e-01
7.339457418793555732e-01
7.339456684843703727e-01
7.339455950893998271e-01
7.339455216944440474e-01
7.339454482995028117e-01
7.339453749045763420e-01
7.339453015096645272e-01
7.339452281147674784e-01
7.339451547198849735e-01
7.339450813250172345e-01
7.339450079301641505e-01
7.339449345353257215e-01
7.339448611405019474e-01
7.339447877456929392e-01
7.339447143508985860e-01
7.339446409561188878e-01
7.339445675613538445e-01
7.339444941666035671e-01
7.339444207718678337e-01
7.339443473771468662e-01
7.339442739824405537e-01
7.339442005877490072e-01
7.339441271930720045e-01
7.339440537984097679e-01
7.339439804037621862e-01
7.339439070091292594e-01
7.339438336145110986e-01
7.339437602199074817e-01
7.339436868253186308e-01
7.339436134307444348e-01
7.339435400361850048e-01
7.339434666416401187e-01
7.339433932471099986e-01
7.339433198525945334e-01
7.339432464580937232e-01
7.339431730636075679e-01
7.339430996691361786e-01
7.339430262746794442e-01
7.339429528802373648e-01
7.339428794858099403e-01
7.339428060913971708e-01
7.339427326969991672e-01
7.339426593026158185e-01
7.339425859082471248e-01
7.339425125138930861e-01
7.339424391195538133e-01
7.339423657252291955e-01
7.339422923309192326e-01
7.339422189366239246e-01
7.339421455423432716e-01
7.339420721480773846e-01
7.339419987538261525e-01
7.339419253595895754e-01
7.339418519653676531e-01
7.339417785711603859e-01
7.339417051769678846e-01
7.339416317827900382e-01
7.339415583886268468e-01
