7.063017679429171025e-01
7.063017973130281124e-01
7.063018266831332381e-01
7.063018560532325907e-01
7.063018854233259480e-01
7.063019147934135322e-01
7.063019441634951212e-01
7.063019735335709370e-01
7.063020029036408687e-01
7.063020322737049161e-01
7.063020616437630794e-01
7.063020910138153585e-01
7.063021203838617534e-01
7.063021497539022642e-01
7.063021791239370017e-01
7.063022084939657441e-01
7.063022378639887133e-01
7.063022672340057984e-01
7.063022966040168882e-01
7.063023259740222048e-01
7.063023553440216373e-01
7.063023847140151856e-01
7.063024140840028497e-01
7.063024434539846297e-01
7.063024728239606365e-01
7.063025021939306480e-01
7.063025315638948864e-01
7.063025609338531297e-01
7.063025903038055997e-01
7.063026196737521856e-01
7.063026490436927762e-01
7.063026784136275937e-01
7.063027077835565271e-01
7.063027371534796872e-01
7.063027665233968522e-01
7.063027958933081329e-01
7.063028252632136406e-01
7.063028546331131530e-01
7.063028840030068922e-01
7.063029133728946363e-01
7.063029427427766072e-01
7.063029721126526939e-01
7.063030014825228964e-01
7.063030308523872147e-01
7.063030602222456489e-01
7.063030895920981989e-01
7.063031189619449757e-01
7.063031483317857573e-01
7.063031777016206547e-01
7.063032070714497790e-01
7.063032364412730191e-01
7.063032658110903750e-01
7.063032951809017357e-01
7.063033245507073232e-01
7.063033539205070266e-01
7.063033832903009568e-01
7.063034126600888918e-01
7.063034420298709426e-01
7.063034713996472203e-01
7.063035007694175027e-01
7.063035301391820120e-01
7.063035595089405261e-01
7.063035888786932670e-01
7.063036182484401238e-01
7.063036476181810963e-01
7.063036769879161847e-01
7.063037063576453889e-01
7.063037357273687089e-01
7.063037650970862558e-01
7.063037944667978074e-01
7.063038238365035859e-01
7.063038532062033692e-01
7.063038825758973793e-01
7.063039119455855053e-01
7.063039413152677470e-01
7.063039706849441046e-01
7.063040000546145780e-01
7.063040294242791672e-01
7.063040587939378723e-01
7.063040881635908042e-01
7.063041175332377408e-01
7.063041469028789043e-01
7.063041762725140726e-01
7.063042056421434678e-01
7.063042350117669788e-01
7.063042643813846055e-01
7.063042937509963481e-01
7.063043231206022066e-01
7.063043524902021808e-01
7.063043818597962709e-01
7.063044112293845878e-01
7.063044405989669094e-01
7.063044699685434580e-01
7.063044993381140113e-01
7.063045287076787915e-01
7.063045580772376875e-01
7.063045874467906993e-01
7.063046168163378269e-01
7.063046461858790703e-01
7.063046755554144296e-01
