4.625092566280055752e-03 9.939677326618785447e-01 1.407174819816489186e-03
4.625092214878465634e-03 9.939677331539990002e-01 1.407174679097628143e-03
4.625091863476946639e-03 9.939677336461194557e-01 1.407174538378795289e-03
4.625091512075497902e-03 9.939677341382396891e-01 1.407174397659990625e-03
4.625091160674119420e-03 9.939677346303599226e-01 1.407174256941213933e-03
4.625090809272811194e-03 9.939677351224800450e-01 1.407174116222465431e-03
4.625090457871572358e-03 9.939677356145999454e-01 1.407173975503745117e-03
4.625090106470404645e-03 9.939677361067198458e-01 1.407173834785052993e-03
4.625089643957185082e-03 9.939677367099517546e-01 1.407173694066389058e-03
4.625089181444058326e-03 9.939677373131835525e-01 1.407173553347753096e-03
4.625088718931023510e-03 9.939677379164151283e-01 1.407173412629145323e-03
4.625088256418081502e-03 9.939677385196467041e-01 1.407173271910565739e-03
4.625087793905232302e-03 9.939677391228780579e-01 1.407173131192014344e-03
4.625087331392475042e-03 9.939677397261093006e-01 1.407172990473491139e-03
4.625086868879810589e-03 9.939677403293405433e-01 1.407172849754995906e-03
4.625086406367238945e-03 9.939677409325715640e-01 1.407172709036528862e-03
4.625085943854759241e-03 9.939677415358024737e-01 1.407172568318090008e-03
4.625085481342372344e-03 9.939677421390332723e-01 1.407172427599679343e-03
4.625085129942088473e-03 9.939677425200399430e-01 1.407172397993307735e-03
4.625084778541875725e-03 9.939677429010466136e-01 1.407172368386942199e-03
4.625084316029743833e-03 9.939677432820532843e-01 1.407172449892571484e-03
4.625083853517704749e-03 9.939677436630597329e-01 1.407172531398184290e-03
4.625083391005757605e-03 9.939677440440661815e-01 1.407172612903781050e-03
4.625082928493904136e-03 9.939677444250725191e-01 1.407172694409361330e-03
4.625082465982141740e-03 9.939677448060788567e-01 1.407172775914925346e-03
4.625082003470473019e-03 9.939677451870849723e-01 1.407172857420472883e-03
4.625081540958896238e-03 9.939677455680911988e-01 1.407172938926004374e-03
4.625081078447412265e-03 9.939677459490972034e-01 1.407173020431519385e-03
4.625080615936020233e-03 9.939677464412149943e-01 1.407172990825118286e-03
4.625080153424721008e-03 9.939677469333327853e-01 1.407172961218723043e-03
4.625079802025392102e-03 9.939677473143385678e-01 1.407172931612333654e-03
4.625079450626133452e-03 9.939677476953442392e-01 1.407172902005950337e-03
4.625079210338800886e-03 9.939677478541261157e-01 1.407172983511428268e-03
4.625078970051516025e-03 9.939677481240197787e-01 1.407172953905045602e-03
4.625078840876113012e-03 9.939677482828015442e-01 1.407172924298668790e-03
4.625078711700736020e-03 9.939677484415831987e-01 1.407172894692298049e-03
4.625078582525384181e-03 9.939677484892531778e-01 1.407172976197744105e-03
4.625078564461857812e-03 9.939677484258113704e-01 1.407173057703174114e-03
4.625078546398335780e-03 9.939677483623695631e-01 1.407173139208587644e-03
4.625078528334817217e-03 9.939677482989277557e-01 1.407173220713984910e-03
4.625078399159535635e-03 9.939677483465976238e-01 1.407173302219365913e-03
4.625078158872524860e-03 9.939677485053792783e-01 1.407173383724730437e-03
4.625077918585561790e-03 9.939677486641608217e-01 1.407173465230078914e-03
4.625077678298646425e-03 9.939677489340541516e-01 1.407173435623677599e-03
4.625077326900056511e-03 9.939677492039473705e-01 1.407173517129004393e-03
4.625076975501537721e-03 9.939677494738404784e-01 1.407173598634314923e-03
4.625076624103088320e-03 9.939677497437335862e-01 1.407173680139609190e-03
4.625076272704710043e-03 9.939677500136265831e-01 1.407173761644887194e-03
4.625075921306401154e-03 9.939677502835195799e-01 1.407173843150148936e-03
4.625075569908162522e-03 9.939677505534125768e-01 1.407173924655394197e-03
4.625075218509995013e-03 9.939677508233054626e-01 1.407174006160623412e-03
4.625074867111896894e-03 9.939677510931982374e-01 1.407174087665836147e-03
4.625074404602236983e-03 9.939677515853143630e-01 1.407174058059399270e-03
4.625073942092669012e-03 9.939677520774303776e-01 1.407174028452968248e-03
4.625073479583192981e-03 9.939677525695463922e-01 1.407173998846543298e-03
4.625073017073810626e-03 9.939677529505506204e-01 1.407174080351724157e-03
4.625072554564520211e-03 9.939677533315548486e-01 1.407174161856888754e-03
4.625072092055321736e-03 9.939677537125589657e-01 1.407174243362037088e-03
4.625071629546216069e-03 9.939677540935630828e-01 1.407174324867168941e-03
4.625071278148758930e-03 9.939677543634553025e-01 1.407174406372284749e-03
4.625071037862916491e-03 9.939677545222360688e-01 1.407174487877384077e-03
4.625070797577121758e-03 9.939677547921281775e-01 1.407174458270933756e-03
4.625070557291375596e-03 9.939677550620203972e-01 1.407174428664489507e-03
4.625070205894165655e-03 9.939677553319123948e-01 1.407174510169562163e-03
4.625069854497025970e-03 9.939677556018045035e-01 1.407174591674618556e-03
4.625069503099956542e-03 9.939677557605849367e-01 1.407174784291147836e-03
4.625069151702957369e-03 9.939677559193654810e-01 1.407174976907638302e-03
4.625068800306029321e-03 9.939677560781459142e-01 1.407175169524090387e-03
4.625068448909170661e-03 9.939677562369263475e-01 1.407175362140504092e-03
4.625068097512382258e-03 9.939677563957067807e-01 1.407175554756878982e-03
4.625068079449964377e-03 9.939677562211527428e-01 1.407175747373215491e-03
4.625068061387549966e-03 9.939677560465988160e-01 1.407175939989513619e-03
4.625068043325139891e-03 9.939677558720448891e-01 1.407176132605773150e-03
4.625068025262732418e-03 9.939677556974910733e-01 1.407176325221994083e-03
4.625068007200329283e-03 9.939677556340487108e-01 1.407176406726787449e-03
4.625067989137929617e-03 9.939677555706063483e-01 1.407176488231564552e-03
4.625067859964166785e-03 9.939677555071640969e-01 1.407176680847692027e-03
4.625067730790429973e-03 9.939677554437218454e-01 1.407176873463781121e-03
4.625067601616719183e-03 9.939677551580567982e-01 1.407177288302520436e-03
4.625067472443034414e-03 9.939677549835030934e-01 1.407177592029843676e-03
4.625067343269374798e-03 9.939677548089493886e-01 1.407177895757105984e-03
4.625067102984430079e-03 9.939677547455072482e-01 1.407178199484307576e-03
4.625066862699533932e-03 9.939677546820649967e-01 1.407178503211448453e-03
4.625066622414686357e-03 9.939677547297340876e-01 1.407178695827239609e-03
4.625066382129885620e-03 9.939677546662919472e-01 1.407178999554270114e-03
4.625066141845133455e-03 9.939677546028498067e-01 1.407179303281239904e-03
4.625065901560429862e-03 9.939677545394076663e-01 1.407179607008148979e-03
4.625065661275773975e-03 9.939677543648541835e-01 1.407180021846241458e-03
4.625065532102398853e-03 9.939677539680783491e-01 1.407180547795484600e-03
4.625065291817827967e-03 9.939677536824137460e-01 1.407181073744622358e-03
4.625065162644516163e-03 9.939677532856380227e-01 1.407181599693654948e-03
4.625065144582429615e-03 9.939677527777512900e-01 1.407182125642582370e-03
4.625065126520346535e-03 9.939677523809756776e-01 1.407182540480215582e-03
4.625065108458267793e-03 9.939677519842002873e-01 1.407182955317766177e-03
4.625065090396191653e-03 9.939677515874248970e-01 1.407183370155233506e-03
4.625065072334119849e-03 9.939677513017607380e-01 1.407183673881462569e-03
4.625065054272051515e-03 9.939677510160965790e-01 1.407183977607630700e-03
4.625065258432253280e-03 9.939677503970990591e-01 1.407184392444871431e-03
4.625065462592415147e-03 9.939677498892128815e-01 1.407184696170907072e-03
4.625065666752535380e-03 9.939677494924379353e-01 1.407184888785770801e-03
