3.034522650746910855e-01
3.034522802179333567e-01
3.034522564415019774e-01
3.034522263869283698e-01
3.034521964052819820e-01
3.034521664051023082e-01
3.034521361028618136e-01
3.034521507598841317e-01
3.034522155968188417e-01
3.034522852522241743e-01
3.034523549076155735e-01
3.034524245629930395e-01
3.034524942183565721e-01
3.034525638737062270e-01
3.034526335290418930e-01
3.034527031843636258e-01
3.034527728396714807e-01
3.034528424949653469e-01
3.034528609504733021e-01
3.034528692232239533e-01
3.034528478568808141e-01
3.034528176806846056e-01
3.034527873949892096e-01
3.034527646174522975e-01
3.034527343629142004e-01
3.034527040604272363e-01
3.034526741136528427e-01
3.034526438178521413e-01
3.034526141083921380e-01
3.034525838427606925e-01
3.034525710972166279e-01
3.034525577117003770e-01
3.034525781580783566e-01
3.034525646702275203e-01
3.034525745415720954e-01
3.034525460752574011e-01
3.034525157555194030e-01
3.034524887293438833e-01
3.034524617066343688e-01
3.034524315280592299e-01
3.034524014369952005e-01
3.034523726879299055e-01
3.034523623856446584e-01
3.034523913326234168e-01
3.034523662286255363e-01
3.034523365793109217e-01
3.034523062581410136e-01
3.034522760262125529e-01
3.034522459406263639e-01
3.034522158367541356e-01
3.034521855563946935e-01
3.034521553576138286e-01
3.034521250802327819e-01
3.034520957115258710e-01
3.034520739542792556e-01
3.034520775581669438e-01
3.034521183996383153e-01
3.034521183883777118e-01
3.034520906207309743e-01
3.034520613553702284e-01
3.034520363814670052e-01
3.034520463697582549e-01
3.034520162652035724e-01
3.034520043189207206e-01
3.034519753736931724e-01
3.034519459869917113e-01
3.034519160191546105e-01
3.034518873821892559e-01
3.034518588381726611e-01
3.034518286288497291e-01
3.034518227379817135e-01
3.034518118786175278e-01
3.034517815939156704e-01
3.034517513341859485e-01
3.034517220271281679e-01
3.034516927408400511e-01
3.034516637684875895e-01
3.034516337134540720e-01
3.034516039229185891e-01
3.034515739675141544e-01
3.034515438828360168e-01
3.034515153762163409e-01
3.034514872124531304e-01
3.034514569762660208e-01
3.034514270367112965e-01
3.034513968267382733e-01
3.034513671882712038e-01
3.034513369422207063e-01
3.034513087466048642e-01
3.034512791464697434e-01
3.034512499074828451e-01
3.034512287676307540e-01
3.034512068884424041e-01
3.034511767361104395e-01
3.034511465234705496e-01
3.034511169048302870e-01
3.034510872414548643e-01
3.034510601414278641e-01
3.034510299162051505e-01
3.034509998197735259e-01
