6.193371769451926356e-01
6.193371150465427633e-01
6.193370531612834018e-01
6.193369912626582874e-01
6.193369293751940230e-01
6.193368674788233275e-01
6.193368055690869900e-01
6.193367436526741043e-01
6.193366817407327529e-01
6.193366198354930408e-01
6.193365579168875756e-01
6.193364960027538668e-01
6.193364340908621424e-01
6.193363721722937587e-01
6.193363102693455469e-01
6.193362483508019212e-01
6.193361864389597127e-01
6.193361245159816342e-01
6.193360625974752010e-01
6.193360006968186005e-01
6.193359387872555688e-01
6.193358768777050827e-01
6.193358149614778263e-01
6.193357530586410808e-01
6.193356911491275651e-01
6.193356292396265950e-01
6.193355673123005500e-01
6.193355053939054722e-01
6.193354434666042962e-01
6.193353815482340874e-01
6.193353196209575584e-01
6.193352576959231248e-01
6.193351957686713538e-01
6.193351338570396436e-01
6.193350719342720634e-01
6.193350100159762395e-01
6.193349481066113826e-01
6.193348861861105448e-01
6.193348242745407850e-01
6.193347623540647051e-01
6.193347004380603815e-01
6.193346385242981533e-01
6.193345766083186987e-01
6.193345146878921348e-01
6.193344527719374382e-01
6.193343908604542758e-01
6.193343289445243371e-01
6.193342670263770611e-01
6.193342051060124476e-01
6.193341432012678949e-01
6.193340813099137421e-01
6.193340193895863210e-01
6.193339574692712235e-01
6.193338955623466369e-01
6.193338336554343737e-01
6.193337717507642060e-01
6.193337098416469289e-01
6.193336479325421973e-01
6.193335860279091110e-01
6.193335241232884592e-01
6.193334622186801308e-01
6.193334002984764997e-01
6.193333383827446248e-01
6.193332764625657516e-01
6.193332145624662610e-01
6.193331526445419177e-01
6.193330907400078633e-01
6.193330288332565825e-01
6.193329669175989816e-01
6.193329050019538151e-01
6.193328430796321005e-01
6.193327811662413529e-01
6.193327192528629288e-01
6.193326573484156938e-01
6.193325954350620277e-01
6.193325335172614743e-01
6.193324716106216599e-01
6.193324096995347361e-01
6.193323477817713751e-01
6.193322858551016941e-01
6.193322239373629801e-01
6.193321620285553442e-01
6.193321001130711601e-01
6.193320381975992994e-01
6.193319762821398733e-01
6.193319143823003969e-01
6.193318524601767461e-01
6.193317905380655297e-01
6.193317286271148303e-01
6.193316667005690501e-01
6.193316047918728806e-01
6.193315428765000519e-01
6.193314809566803358e-01
6.193314190435620370e-01
6.193313571326857225e-01
6.193312952195921817e-01
6.193312333131999470e-01
6.193311714001311641e-01
6.193311094781560611e-01
6.193310475695713579e-01
