6.414067034218280394e-01
6.414067188623431282e-01
6.414067505932237179e-01
6.414067227191929677e-01
6.414067505043926642e-01
6.414067787874455639e-01
6.414068146471012533e-01
6.414068505067497261e-01
6.414068863663909825e-01
6.414069222260250225e-01
6.414069497732950431e-01
6.414069621612191741e-01
6.414069851276101852e-01
6.414070165555448844e-01
6.414069823875754306e-01
6.414069763281670111e-01
6.414069685164460743e-01
6.414069804592316126e-01
6.414070163188240192e-01
6.414070521784093204e-01
6.414070880379874051e-01
6.414071238975582734e-01
6.414071597571220362e-01
6.414071956166785826e-01
6.414072314762279126e-01
6.414072673357701371e-01
6.414072913681189148e-01
6.414073079113428166e-01
6.414073380455040940e-01
6.414073665426154314e-01
6.414073924028746987e-01
6.414073755683770139e-01
6.414073617995070808e-01
6.414073309661496580e-01
6.414072967634734113e-01
6.414072739293622538e-01
6.414072491606431781e-01
6.414072437965046003e-01
6.414072285255010275e-01
6.414072233179168858e-01
6.414071909611850364e-01
6.414071520297230933e-01
6.414071344219138826e-01
6.414071550125645116e-01
6.414071840050556972e-01
6.414072198645309753e-01
6.414072557239990369e-01
6.414072915834598820e-01
6.414073274429136218e-01
6.414073229543145738e-01
6.414073392735027968e-01
6.414073149638396254e-01
6.414073377461663172e-01
6.414073499758137231e-01
6.414073135169093831e-01
6.414072853654267936e-01
6.414072648093227524e-01
6.414072283990789325e-01
6.414072389054460421e-01
6.414072607137158988e-01
6.414072965731296705e-01
6.414073324325363368e-01
6.414073682919357866e-01
6.414074041513280200e-01
6.414074400107131479e-01
6.414074508616267600e-01
6.414074867210000086e-01
6.414075225803660407e-01
6.414075340934406455e-01
6.414075604097455585e-01
6.414075962690934940e-01
6.414076321284342130e-01
6.414076679877678266e-01
6.414076949703084729e-01
6.414077308296286528e-01
6.414077470163008776e-01
6.414077273242853039e-01
6.414077631835914950e-01
6.414077990428904696e-01
6.414077925256413959e-01
6.414078010286551335e-01
6.414078368879395642e-01
6.414078727472167785e-01
6.414079086064868873e-01
6.414079444657497797e-01
6.414079803250055667e-01
6.414079806812446050e-01
6.414080009516704983e-01
6.414080230312094733e-01
6.414080543717383120e-01
6.414080641185361253e-01
6.414080999777583836e-01
6.414081358369735364e-01
6.414081716961814728e-01
6.414082075553821927e-01
6.414082434145758072e-01
6.414082792737622052e-01
6.414083080652923652e-01
6.414083439244651075e-01
6.414083380570826387e-01
