6.337416828590667350e-01
6.337416194842773187e-01
6.337415561095006700e-01
6.337414927347366778e-01
6.337414293599853421e-01
6.337413659852466630e-01
6.337413026105206404e-01
6.337412392358073854e-01
6.337411758611067869e-01
6.337411124864187340e-01
6.337410491117435596e-01
6.337409857370809307e-01
6.337409223624309584e-01
6.337408589877937537e-01
6.337407956131690945e-01
6.337407322385572028e-01
6.337406688639579677e-01
6.337406054893713891e-01
6.337405421147975781e-01
6.337404787402363127e-01
6.337404153656878147e-01
6.337403519911519734e-01
6.337402886166287885e-01
6.337402252421182602e-01
6.337401618676203885e-01
6.337400984931352843e-01
6.337400351186627256e-01
6.337399717442029345e-01
6.337399083697558000e-01
6.337398449953213220e-01
6.337397816208996115e-01
6.337397182464904466e-01
6.337396548720940492e-01
6.337395914977103084e-01
6.337395281233392241e-01
6.337394647489807964e-01
6.337394013746350252e-01
6.337393380003020216e-01
6.337392746259816745e-01
6.337392112516738729e-01
6.337391478773788389e-01
6.337390845030965725e-01
6.337390211288268516e-01
6.337389577545697872e-01
6.337388943803254904e-01
6.337388310060938501e-01
6.337387676318748664e-01
6.337387042576685392e-01
6.337386408834748686e-01
6.337385775092939655e-01
6.337385141351257190e-01
6.337384507609700179e-01
6.337383873868270845e-01
6.337383240126969186e-01
6.337382606385792982e-01
6.337381972644743344e-01
6.337381338903821382e-01
6.337380705163025985e-01
6.337380071422357153e-01
6.337379437681814887e-01
6.337378803941399186e-01
6.337378170201111161e-01
6.337377536460948591e-01
6.337376902720913696e-01
6.337376268981005367e-01
6.337375635241223604e-01
6.337375001501569516e-01
6.337374367762040883e-01
6.337373734022639926e-01
6.337373100283364424e-01
6.337372466544216598e-01
6.337371832805196448e-01
6.337371199066301752e-01
6.337370565327533622e-01
6.337369931588893168e-01
6.337369297850379279e-01
6.337368664111991956e-01
6.337368030373731198e-01
6.337367396635597006e-01
6.337366762897589378e-01
6.337366129159709427e-01
6.337365495421956041e-01
6.337364861684329220e-01
6.337364227946828965e-01
6.337363594209455275e-01
6.337362960472209261e-01
6.337362326735088702e-01
6.337361692998095819e-01
6.337361059261229501e-01
6.337360425524489749e-01
6.337359792682731863e-01
6.337359159035731437e-01
6.337358525299371381e-01
6.337357891742110283e-01
6.337357258274460836e-01
6.337356624717452869e-01
6.337355991429027835e-01
6.337355357782786802e-01
6.337354724047187249e-01
6.337354090311715371e-01
