5.692003145189208357e-01
5.692003575993115350e-01
5.692004006796936855e-01
5.692004437600671762e-01
5.692004868404321183e-01
5.692005299207884006e-01
5.692005730011360232e-01
5.692006160814750970e-01
5.692006591618055111e-01
5.692007022421272655e-01
5.692007453224404712e-01
5.692007884027450171e-01
5.692008314830410143e-01
5.692008745633283517e-01
5.692009176436070295e-01
5.692009607238771585e-01
5.692010038041386277e-01
5.692010468843915483e-01
5.692010899646358091e-01
5.692011330448714101e-01
5.692011761250984625e-01
5.692012192053168551e-01
5.692012622855266990e-01
5.692013053657278832e-01
5.692013254803078848e-01
5.692012716277812245e-01
5.692012150060143938e-01
5.692011591579545504e-01
5.692011040902904551e-01
5.692010482667793081e-01
5.692010165192535887e-01
5.692009656344804158e-01
5.692009093026352273e-01
5.692008525716903966e-01
5.692007958719723648e-01
5.692007416315902901e-01
5.692006848025739085e-01
5.692006285844980473e-01
5.692006051269453692e-01
5.692005548420346894e-01
5.692004979528586528e-01
5.692004415497615710e-01
5.692003846650677268e-01
5.692003280189594783e-01
5.692002713973889350e-01
5.692002294135900531e-01
5.692001734408734803e-01
5.692001202619397793e-01
5.692000653550256528e-01
5.692000104726487875e-01
5.691999537240530760e-01
5.691999029219855233e-01
5.691998486037466165e-01
5.691997920959878110e-01
5.691997360319436261e-01
5.691996824294599522e-01
5.691996261558494030e-01
5.691995699513697771e-01
5.691995136911599529e-01
5.691994593440123928e-01
5.691994034428004001e-01
5.691993469908730452e-01
5.691992904809857201e-01
5.691992556590360630e-01
5.691992085494249620e-01
5.691991529693374297e-01
5.691990960960571222e-01
5.691990395416298698e-01
5.691990074176129788e-01
5.691989505109193992e-01
5.691988937112609781e-01
5.691988369628960820e-01
5.691987801231264132e-01
5.691987235486977159e-01
5.691986668784050352e-01
5.691986104600751384e-01
5.691985537942644280e-01
5.691984970325896231e-01
5.691984404225429728e-01
5.691983839618948160e-01
5.691983271422829116e-01
5.691982766281564743e-01
5.691982203258473261e-01
5.691981636824118285e-01
5.691981123478027094e-01
5.691980623799840489e-01
5.691980060509629347e-01
5.691979512938614150e-01
5.691978945902803622e-01
5.691978377908355480e-01
5.691978036313332101e-01
5.691977917371843221e-01
5.691978323179909260e-01
5.691978753982336325e-01
5.691979184784675683e-01
5.691979615586929553e-01
5.691980046389097936e-01
5.691980477191178611e-01
5.691980907993174910e-01
5.691981338795083500e-01
