6.724189046658537450e-01
6.724189374242842687e-01
6.724189701827082422e-01
6.724190029411257763e-01
6.724190356995366491e-01
6.724190684579409716e-01
6.724191012163388548e-01
6.724191339747300766e-01
6.724191667331147482e-01
6.724191994914929804e-01
6.724192322498645513e-01
6.724192650082295719e-01
6.724192977665880422e-01
6.724193305249400732e-01
6.724193632832854428e-01
6.724193960416242621e-01
6.724194287999565312e-01
6.724194615582822498e-01
6.724194943166014182e-01
6.724195270749141473e-01
6.724195598332202151e-01
6.724195925915197325e-01
6.724196253498126996e-01
6.724196581080991164e-01
6.724196908663789829e-01
6.724197236246522991e-01
6.724197563829190649e-01
6.724197891411792805e-01
6.724198218994329457e-01
6.724198546576800606e-01
6.724198874159206252e-01
6.724199201741546394e-01
6.724199529323821034e-01
6.724199856906030170e-01
6.724200184488173804e-01
6.724200512070251934e-01
6.724200839652264561e-01
6.724201167234211685e-01
6.724201494816093305e-01
6.724201822397909423e-01
6.724202149979660037e-01
6.724202477561345148e-01
6.724202805142964756e-01
6.724203132724518861e-01
6.724203460306006352e-01
6.724203787887429451e-01
6.724204115468787046e-01
6.724204443050079139e-01
6.724204770631305728e-01
6.724205098212465703e-01
6.724205425793561286e-01
6.724205753374591366e-01
6.724206080955555942e-01
6.724206408536453905e-01
6.724206736117287475e-01
6.724207063698055542e-01
6.724207391278758106e-01
6.724207718859394056e-01
6.724208046439965614e-01
6.724208374020471668e-01
6.724208701600911109e-01
6.724209029181286157e-01
6.724209356761594591e-01
6.724209684341838633e-01
6.724210011922017172e-01
6.724210339502129097e-01
6.724210667082176629e-01
6.724210994662157548e-01
6.724211322242074074e-01
6.724211649821923986e-01
6.724211977401709506e-01
6.724212304981429522e-01
6.724212632561082925e-01
6.724212960140671935e-01
6.724213287720194332e-01
6.724213615299652336e-01
6.724213942879043726e-01
6.724214270458369613e-01
6.724214598037631108e-01
6.724214925616825989e-01
6.724215253195956477e-01
6.724215580775020351e-01
6.724215908354018723e-01
6.724216235932952701e-01
6.724216563511820066e-01
6.724216891090623038e-01
6.724217218669359397e-01
6.724217546248030253e-01
6.724217873826636716e-01
6.724218201405176565e-01
6.724218528983650911e-01
6.724218856562060864e-01
6.724219006766543050e-01
6.724219141819470780e-01
6.724219427983557651e-01
6.724219593339458845e-01
6.724219920917597904e-01
6.724220039000680105e-01
6.724219906578662309e-01
6.724220018803136467e-01
