6.479502723472384540e-01
6.479503075525562261e-01
6.479503427578670038e-01
6.479503779631706761e-01
6.479504131684673540e-01
6.479504483737569265e-01
6.479504835790395045e-01
6.479505187843150882e-01
6.479505539895835664e-01
6.479505891948449392e-01
6.479506244000994286e-01
6.479506596053467016e-01
6.479506948105870912e-01
6.479507300158203753e-01
6.479507652210465540e-01
6.479508004262658494e-01
6.479508356314779283e-01
6.479508708366831238e-01
6.479509060418812139e-01
6.479509412470721985e-01
6.479509655950275171e-01
6.479509497793994877e-01
6.479508900450690057e-01
6.479508254943874279e-01
6.479507607804522173e-01
6.479506959848966297e-01
6.479506331485520576e-01
6.479505691693545621e-01
6.479505055167028571e-01
6.479504414558976411e-01
6.479503767420397020e-01
6.479503219058126984e-01
6.479502571103463726e-01
6.479501927230590930e-01
6.479501291521163608e-01
6.479500643566887819e-01
6.479500044592640950e-01
6.479499396638619402e-01
6.479499072768336587e-01
6.479498878694816000e-01
6.479498648702755048e-01
6.479498240750524163e-01
6.479497593613338102e-01
6.479496945659950491e-01
6.479496309135326371e-01
6.479495661998526668e-01
6.479495035270128600e-01
6.479494387317256132e-01
6.479493900181659827e-01
6.479493370596968171e-01
6.479492738971066590e-01
6.479492117141257834e-01
6.479491470005330767e-01
6.479490823685863932e-01
6.479490176550195546e-01
6.479489529414657056e-01
6.479488882279248463e-01
6.479488235143968655e-01
6.479487645968240450e-01
6.479486998833213773e-01
6.479486350881986656e-01
6.479485702930889435e-01
6.479485075388160542e-01
6.479484429069979345e-01
6.479483781119268482e-01
6.479483133168687514e-01
6.479482486850893785e-01
6.479481838900572610e-01
6.479481190950379110e-01
6.479480547898290865e-01
6.479479900764686384e-01
6.479479253631210689e-01
6.479478605681535663e-01
6.479477957731990534e-01
6.479477309782575301e-01
6.479476663465946196e-01
6.479476015516789644e-01
6.479475388792298451e-01
6.479474748190352518e-01
6.479474101874238556e-01
6.479473469435830246e-01
6.479472822303645740e-01
6.479472181702212730e-01
6.479471705999131359e-01
6.479471066214266273e-01
6.479470543164387308e-01
6.479469922971627938e-01
6.479469275840186171e-01
6.479468640953784941e-01
6.479468038720604950e-01
6.479467425875289344e-01
6.479466777928029053e-01
6.479466130797224555e-01
6.479465483666549952e-01
6.479464836536004135e-01
6.479464200834164078e-01
6.479463555336529845e-01
6.479462908206371496e-01
6.479462265157975853e-01
6.479461618028076186e-01
