6.943846078825990364e-01
6.943845384434578216e-01
6.943844690043303736e-01
6.943843995652169143e-01
6.943843301261172218e-01
6.943842606870315182e-01
6.943841912479596923e-01
6.943841218089016332e-01
6.943840523698575629e-01
6.943839829308273703e-01
6.943839134918111666e-01
6.943838440528087297e-01
6.943837746138201705e-01
6.943837051748454892e-01
6.943836357358847966e-01
6.943835662969379818e-01
6.943834968580049338e-01
6.943834274190858746e-01
6.943833579801806932e-01
6.943832885412893896e-01
6.943832191024119638e-01
6.943831496635484157e-01
6.943830802246987455e-01
6.943830107858630640e-01
6.943829413470411493e-01
6.943828719082331125e-01
6.943828024694390644e-01
6.943827330306588941e-01
6.943826635918924906e-01
6.943825941531400758e-01
6.943825247144015389e-01
6.943824552756768798e-01
6.943823858369660984e-01
6.943823163982693059e-01
6.943822469595862801e-01
6.943821775209171321e-01
6.943821080822619729e-01
6.943820386436205805e-01
6.943819692049931769e-01
6.943819000112790851e-01
6.943818306543125818e-01
6.943817612157267005e-01
6.943816917771548081e-01
6.943816223385967934e-01
6.943815529000526565e-01
6.943814834615223974e-01
6.943814140230060161e-01
6.943813445845035126e-01
6.943812751460148869e-01
6.943812057075402500e-01
6.943811362690793798e-01
6.943810668306324985e-01
6.943809973921993839e-01
6.943809279537802581e-01
6.943808585153750101e-01
6.943807890769836400e-01
6.943807196386061475e-01
6.943806502002425329e-01
6.943805807618927961e-01
6.943805113235569371e-01
6.943804418852350668e-01
6.943803724469269634e-01
6.943803030086328487e-01
6.943802335703525008e-01
6.943801641320861417e-01
6.943800946938336605e-01
6.943800252555950570e-01
6.943799558173703312e-01
6.943798863791594833e-01
6.943798169409625132e-01
6.943797475027794208e-01
6.943796780646102063e-01
6.943796086264549805e-01
6.943795391883135215e-01
6.943794697501860513e-01
6.943794003120724589e-01
6.943793308739726333e-01
6.943792614358867965e-01
6.943791919978148375e-01
6.943791225597567562e-01
6.943790531217125528e-01
6.943789836836823381e-01
6.943789142456658903e-01
6.943788448076633202e-01
6.943787753696747389e-01
6.943787059316999244e-01
6.943786364937390987e-01
6.943785670557921508e-01
6.943784976178590806e-01
6.943784281799398883e-01
6.943783587420345738e-01
6.943782893041431370e-01
6.943782198662655780e-01
6.943781504284018968e-01
6.943780809905522045e-01
6.943780115527162788e-01
6.943779421148943420e-01
6.943778726770861720e-01
6.943778032392919908e-01
6.943777338015116873e-01
