2.595732365931863739e-01 7.404267634058957492e-01
2.595732599997284673e-01 7.404267399993537113e-01
2.595732830426260018e-01 7.404267169564561213e-01
2.595733096310074983e-01 7.404266903680746248e-01
2.595733359466538270e-01 7.404266640524284071e-01
2.595733627168446134e-01 7.404266372822375653e-01
2.595733907597691514e-01 7.404266092393130272e-01
2.595734164390299803e-01 7.404265835600521983e-01
2.595734407546368971e-01 7.404265592444453370e-01
2.595734626156713798e-01 7.404265373834107988e-01
2.595734856585302230e-01 7.404265143405519556e-01
2.595735122468701972e-01 7.404264877522119814e-01
2.595735387442948960e-01 7.404264612547872826e-01
2.595735664235426787e-01 7.404264335755394999e-01
2.595735940118751306e-01 7.404264059872071035e-01
2.595736214183823054e-01 7.404263785806999287e-01
2.595736491885233810e-01 7.404263508105588532e-01
2.595736773222982463e-01 7.404263226767839878e-01
2.595737038196905822e-01 7.404262961793917075e-01
2.595737292261598439e-01 7.404262707729224458e-01
2.595737572690084427e-01 7.404262427300738469e-01
2.595737854936710498e-01 7.404262145054112398e-01
2.595738107183049315e-01 7.404261892807773027e-01
2.595738375793097963e-01 7.404261624197724379e-01
2.595738635312115905e-01 7.404261364678705881e-01
2.595738913922132074e-01 7.404261086068689712e-01
2.595739187986605412e-01 7.404260812004217485e-01
2.595739459323730958e-01 7.404260540667091384e-01
2.595739721569829128e-01 7.404260278420994323e-01
2.595739991997749740e-01 7.404260007993073156e-01
2.595740251516450159e-01 7.404259748474372183e-01
2.595740491034962405e-01 7.404259508955859381e-01
2.595740742371688281e-01 7.404259257619133505e-01
2.595740960071777903e-01 7.404259039919043328e-01
2.595741181408211529e-01 7.404258818582609702e-01
2.595741381835375838e-01 7.404258618155445948e-01
2.595741571353341048e-01 7.404258428637480183e-01
2.595741783598681796e-01 7.404258216392139991e-01
2.595742033116934522e-01 7.404257966873887264e-01
2.595742285362426238e-01 7.404257714628396103e-01
2.595742538516964126e-01 7.404257461473857660e-01
2.595742775307720018e-01 7.404257224683102878e-01
2.595743040280407699e-01 7.404256959710414643e-01
2.595743300707561985e-01 7.404256699283261467e-01
2.595743585680253540e-01 7.404256414310569356e-01
2.595743837925438835e-01 7.404256162065383506e-01
2.595744082897807892e-01 7.404255917093014450e-01
2.595744320597362931e-01 7.404255679393459966e-01
2.595744560115061383e-01 7.404255439875760958e-01
2.595744823269193757e-01 7.404255176721629139e-01
2.595745072786843632e-01 7.404254927203979264e-01
2.595745322304442992e-01 7.404254677686380459e-01
2.595745562731041067e-01 7.404254437259782939e-01
2.595745795884829565e-01 7.404254204105993331e-01
2.595746039038617226e-01 7.404253960952206226e-01
2.595746282192356036e-01 7.404253717798466861e-01
2.595746516255098002e-01 7.404253483735725450e-01
2.595746763954214220e-01 7.404253236036609787e-01
2.595747024380605783e-01 7.404252975610219334e-01
2.595747283897850144e-01 7.404252716092973863e-01
2.595747553415082010e-01 7.404252446575741997e-01
2.595747812932222010e-01 7.404252187058601997e-01
2.595748121540401021e-01 7.404251878450422986e-01
2.595748412875728550e-01 7.404251587115094901e-01
2.595748690574586348e-01 7.404251309416237659e-01
2.595748943727850810e-01 7.404251056262972641e-01
2.595749217790224161e-01 7.404250782200599845e-01
2.595749468216103639e-01 7.404250531774720923e-01
2.595749720460120424e-01 7.404250279530704137e-01
2.595750000885989617e-01 7.404249999104833835e-01
2.595750261311745022e-01 7.404249738679079540e-01
2.595750523555634959e-01 7.404249476435189603e-01
2.595750789435846140e-01 7.404249210554979532e-01
2.595751062588749769e-01 7.404248937402074793e-01
2.595751350287090475e-01 7.404248649703735197e-01
2.595751615258045653e-01 7.404248384732778909e-01
2.595751861137994831e-01 7.404248138852829175e-01
2.595752110654266920e-01 7.404247889336558197e-01
2.595752364715953053e-01 7.404247635274872064e-01
2.595752615141217468e-01 7.404247384849608205e-01
2.595752860111875671e-01 7.404247139878948891e-01
2.595753107809762872e-01 7.404246892181062245e-01
2.595753380053096859e-01 7.404246619937727703e-01
2.595753653205468137e-01 7.404246346785355870e-01
2.595753932721431290e-01 7.404246067269392162e-01
2.595754218600983543e-01 7.404245781389839909e-01
2.595754475389532301e-01 7.404245524601291706e-01
2.595754734905305061e-01 7.404245265085518390e-01
2.595754991693750569e-01 7.404245008297072328e-01
2.595755216663930831e-01 7.404244783326892065e-01
2.595755464361359510e-01 7.404244535629463941e-01
2.595755721149655137e-01 7.404244278841168869e-01
2.595755987937906073e-01 7.404244012052917379e-01
2.595756248362463547e-01 7.404243751628359904e-01
2.595756494241507339e-01 7.404243505749316112e-01
2.595756751938688156e-01 7.404243248052135851e-01
2.595756993272176349e-01 7.404243006718647102e-01
2.595757244605617631e-01 7.404242755385205266e-01
2.595757475939007297e-01 7.404242524051815044e-01
2.595757690908714332e-01 7.404242309082108564e-01
