9.417622229429094272e-04
9.417623191886743657e-04
9.417623737432222024e-04
9.417624724705714150e-04
9.417625751684903773e-04
9.417626828296251588e-04
9.417628101782405357e-04
9.417629155231536670e-04
9.417630286437803566e-04
9.417631116540961002e-04
9.417632160063007119e-04
9.417633061305488371e-04
9.417634399312282490e-04
9.417635293936716702e-04
9.417636218340363864e-04
9.417637324728975233e-04
9.417638598212805558e-04
9.417639598718710895e-04
9.417640673672862195e-04
9.417641616274015576e-04
9.417642901337775624e-04
9.417644475922932979e-04
9.417645512824754980e-04
9.417646514983776980e-04
9.417647661076178735e-04
9.417648712867049930e-04
9.417649748113622642e-04
9.417650819756976125e-04
9.417651658128543390e-04
9.417652713227409739e-04
9.417653938730086507e-04
9.417654666255767266e-04
9.417655577420552381e-04
9.417656252004885003e-04
9.417657298830727159e-04
9.417657965142716466e-04
9.417658616564910648e-04
9.417659383795450815e-04
9.417660299922436286e-04
9.417661305387188542e-04
9.417662176844827666e-04
9.417663251794249676e-04
9.417664406154945250e-04
9.417665183310881425e-04
9.417666355869614477e-04
9.417667237252747188e-04
9.417667781137016407e-04
9.417668573181950820e-04
9.417669524049606918e-04
9.417670408740878981e-04
9.417671473762082805e-04
9.417672336945724122e-04
9.417672953622946647e-04
9.417673537211963602e-04
9.417674509585804120e-04
9.417675376077604306e-04
9.417676259113268210e-04
9.417677109060685345e-04
9.417678273344566239e-04
9.417679194430949403e-04
9.417680454669765918e-04
9.417681253329933866e-04
9.417682391142492880e-04
9.417683760571176829e-04
9.417685098565941725e-04
9.417686100716796431e-04
9.417687498269531861e-04
9.417688268803685921e-04
9.417689179961830298e-04
9.417690347552028001e-04
9.417691376172277959e-04
9.417692509019597600e-04
9.417693886718042293e-04
9.417695102284926638e-04
9.417696087889872820e-04
9.417697235625871943e-04
9.417698302296024756e-04
9.417699339186760788e-04
9.417700366150888675e-04
9.417701565172397924e-04
9.417702396916932282e-04
9.417703463586035587e-04
9.417704513710932566e-04
9.417705573762012684e-04
9.417706857156750823e-04
9.417708244778362405e-04
9.417709306483150076e-04
9.417710149807118677e-04
9.417711137063577986e-04
9.417711983695990600e-04
9.417712987496049083e-04
9.417714388351397688e-04
9.417715605568319562e-04
9.417716495214282797e-04
9.417717469234335777e-04
9.417718320828799127e-04
9.417719576095972970e-04
9.417720503792312856e-04
9.417721249504825863e-04
9.417721761947275448e-04
