6.199397069888311629e-01
6.199396449970689948e-01
6.199395830081353420e-01
6.199395210195267625e-01
6.199394590287404805e-01
6.199393970376536611e-01
6.199393350484566634e-01
6.199392730586462674e-01
6.199392110685353341e-01
6.199391490774980307e-01
6.199390870858474401e-01
6.199390250942092839e-01
6.199389631025834513e-01
6.199389011097184987e-01
6.199388391206206439e-01
6.199387771340383324e-01
6.199387151430878484e-01
6.199386531515240772e-01
6.199385911584082143e-01
6.199385291674949228e-01
6.199384671756553722e-01
6.199384051863313649e-01
6.199383431960810986e-01
6.199382812045917124e-01
6.199382192153048976e-01
6.199381572244659910e-01
6.199380952330137973e-01
6.199380332450158404e-01
6.199379712560915134e-01
6.199379092662409274e-01
6.199378472764027759e-01
6.199377852856382543e-01
6.199377232970765261e-01
6.199376613053981799e-01
6.199375993137321572e-01
6.199375373214528473e-01
6.199374753291859719e-01
6.199374133422506095e-01
6.199373513500084920e-01
6.199372893602819179e-01
6.199372273711933889e-01
6.199371653799271575e-01
6.199371033892990823e-01
6.199370413964931936e-01
6.199369794049511828e-01
6.199369174124830240e-01
6.199368554212787430e-01
6.199367934294609528e-01
6.199367314373428473e-01
6.199366694452370652e-01
6.199366074525179959e-01
6.199365454616886373e-01
6.199364834693070758e-01
6.199364214797541406e-01
6.199363594870845873e-01
6.199362974941144966e-01
6.199362355027213667e-01
6.199361735113405603e-01
6.199361115187206339e-01
6.199360495251744485e-01
6.199359875319534474e-01
6.199359255381191591e-01
6.199358635449229160e-01
6.199358015526779120e-01
6.199357395591936770e-01
6.199356775660346264e-01
6.199356155741396757e-01
6.199355535819441876e-01
6.199354915894482732e-01
6.199354295957131278e-01
6.199353676019904169e-01
6.199353056089058622e-01
6.199352436152079093e-01
6.199351816218352518e-01
6.199351196291007504e-01
6.199350576354399900e-01
6.199349956421046359e-01
6.199349336484686335e-01
6.199348716548450655e-01
6.199348096612339321e-01
6.199347476676352331e-01
6.199346856740488576e-01
6.199346236804749166e-01
6.199345616869132991e-01
6.199344996933642271e-01
6.199344376998273676e-01
6.199343757084933015e-01
6.199343137149813110e-01
6.199342517214817549e-01
6.199341897283074942e-01
6.199341277348326962e-01
6.199340657419960543e-01
6.199340037494848188e-01
6.199339417560472132e-01
6.199338797626220421e-01
6.199338177695221663e-01
6.199337557764347251e-01
6.199336937836725792e-01
6.199336317915485894e-01
6.199335697988112015e-01
