4.741212438073730273e-02 9.525878756430212757e-01
4.741211963947840335e-02 9.525878803842801057e-01
4.741211489822044767e-02 9.525878851255381585e-01
4.741211015696344261e-02 9.525878898667951011e-01
4.741210541570738818e-02 9.525878946080511556e-01
4.741210067445227744e-02 9.525878993493063218e-01
4.741209593319811733e-02 9.525879040905604889e-01
4.741209119194490090e-02 9.525879088318136567e-01
4.741208645069263511e-02 9.525879135730659364e-01
4.741208170944131994e-02 9.525879183143172169e-01
4.741207696819095541e-02 9.525879230555676092e-01
4.741207222694153456e-02 9.525879277968170022e-01
4.741206748569306434e-02 9.525879325380655072e-01
4.741206274444553781e-02 9.525879372793130129e-01
4.741205800319896191e-02 9.525879420205595194e-01
4.741205326195333664e-02 9.525879467618052487e-01
4.741204852070865505e-02 9.525879515030498679e-01
4.741204377946492410e-02 9.525879562442935988e-01
4.741203903822214377e-02 9.525879609855363306e-01
4.741203429698031407e-02 9.525879657267781742e-01
4.741202955573942807e-02 9.525879704680191296e-01
4.741202481449948575e-02 9.525879752092589747e-01
4.741202007326050100e-02 9.525879799504980427e-01
4.741201533202245993e-02 9.525879846917360005e-01
4.741201059078536950e-02 9.525879894329731812e-01
4.741200584954922276e-02 9.525879941742092516e-01
4.741200210832132583e-02 9.525879979154372457e-01
4.741199736708697626e-02 9.525880026566715397e-01
4.741199262585357732e-02 9.525880073979049456e-01
4.741198788462112901e-02 9.525880121391373523e-01
4.741198314338962438e-02 9.525880168803688708e-01
4.741197840215907039e-02 9.525880216215993901e-01
4.741197366092946702e-02 9.525880263628290212e-01
4.741196891970080735e-02 9.525880311040576531e-01
4.741196417847309830e-02 9.525880358452853969e-01
4.741195943724633294e-02 9.525880405865121414e-01
4.741195469602051821e-02 9.525880453277379978e-01
4.741194995479565411e-02 9.525880500689628549e-01
4.741194621357783939e-02 9.525880538101806350e-01
4.741194247236077408e-02 9.525880575513977488e-01
4.741193973115035570e-02 9.525880602926082297e-01
4.741193598993468511e-02 9.525880640338239003e-01
4.741193324872546022e-02 9.525880667750331598e-01
4.741193050751678351e-02 9.525880695162418643e-01
4.741192976631965900e-02 9.525880702574390790e-01
4.741193102513347607e-02 9.525880689986252481e-01
4.741193528396295265e-02 9.525880647397957368e-01
4.741193854278637210e-02 9.525880614809724145e-01
4.741193980159893323e-02 9.525880602221596938e-01
4.741193806039625119e-02 9.525880619633625424e-01
4.741193431918411250e-02 9.525880657045746602e-01
4.741193257798232558e-02 9.525880674457765096e-01
4.741193183678558271e-02 9.525880681869732802e-01
4.741193109558898555e-02 9.525880689281700509e-01
4.741192735437904648e-02 9.525880726693799483e-01
4.741192361316984988e-02 9.525880764105891796e-01
4.741191987196140267e-02 9.525880801517976337e-01
4.741191713075790237e-02 9.525880828930012312e-01
4.741191238954674952e-02 9.525880876342123216e-01
4.741190764833654731e-02 9.525880923754225238e-01
4.741190390713119485e-02 9.525880961166279803e-01
4.741190216593418882e-02 9.525880978578250557e-01
4.741189842473012700e-02 9.525881015990290690e-01
4.741189468352682151e-02 9.525881053402324161e-01
4.741188994232075488e-02 9.525881100814385105e-01
4.741188520111564580e-02 9.525881148226436057e-01
4.741188045991147348e-02 9.525881195638477017e-01
4.741187571870825873e-02 9.525881243050510205e-01
4.741187097750598767e-02 9.525881290462532291e-01
4.741186623630466723e-02 9.525881337874545496e-01
4.741186149510429743e-02 9.525881385286548708e-01
4.741185675390487131e-02 9.525881432698543039e-01
4.741185201270639582e-02 9.525881480110528488e-01
4.741184727150886402e-02 9.525881527522503944e-01
4.741184253031228285e-02 9.525881574934469409e-01
4.741183878911905264e-02 9.525881612346401850e-01
4.741183704793117126e-02 9.525881629758281566e-01
4.741183530674364377e-02 9.525881647170156841e-01
4.741183256555435432e-02 9.525881674582050707e-01
4.741182882436361518e-02 9.525881711993957612e-01
4.741182408317172470e-02 9.525881759405877558e-01
4.741181934198078485e-02 9.525881806817786401e-01
4.741181460079078869e-02 9.525881854229686363e-01
4.741180985960174316e-02 9.525881901641576333e-01
4.741180511841364825e-02 9.525881949053457420e-01
4.741180037722649704e-02 9.525881996465329626e-01
4.741179563604029645e-02 9.525882043877190730e-01
4.741179089485503956e-02 9.525882091289044062e-01
4.741178615367074023e-02 9.525882138700886292e-01
4.741178141248737765e-02 9.525882186112720751e-01
4.741177667130497264e-02 9.525882233524544107e-01
4.741177193012351132e-02 9.525882280936358582e-01
4.741176718894300063e-02 9.525882328348164174e-01
4.741176244776343363e-02 9.525882375759959775e-01
4.741175770658482419e-02 9.525882423171745383e-01
4.741175296540715151e-02 9.525882470583522110e-01
4.741174922423073423e-02 9.525882507995286907e-01
4.741174448305486566e-02 9.525882555407045871e-01
4.741173974187994078e-02 9.525882602818794842e-01
4.741173500070596653e-02 9.525882650230533821e-01
