5.519804383407237933e-03
5.519803831421389410e-03
5.519803279435652778e-03
5.519802727450025433e-03
5.519802175464509110e-03
5.519801623479102942e-03
5.519801071493806929e-03
5.519800519508621071e-03
5.519799967523546236e-03
5.519799415538581555e-03
5.519798863553727897e-03
5.519798311568983526e-03
5.519797759584350177e-03
5.519797207599826984e-03
5.519796655615414813e-03
5.519796103631111929e-03
5.519795551646920935e-03
5.519794999662839229e-03
5.519794447678867677e-03
5.519793895695007148e-03
5.519793343711256774e-03
5.519792791727617422e-03
5.519792239744088225e-03
5.519791687760669183e-03
5.519791135777360296e-03
5.519790583794161563e-03
5.519790112619745240e-03
5.519789560636759879e-03
5.519789008653884672e-03
5.519788456671119621e-03
5.519787904688465592e-03
5.519787352705921718e-03
5.519786800723487999e-03
5.519786248741164435e-03
5.519785696758951893e-03
5.519785144776849506e-03
5.519784592794857274e-03
5.519784040812976064e-03
5.519783488831205009e-03
5.519782936849544110e-03
5.519782465676551127e-03
5.519781933897240436e-03
5.519781422320171535e-03
5.519780890541071613e-03
5.519780419368472413e-03
5.519780029004483883e-03
5.519779598236318821e-03
5.519779147266114933e-03
5.519778756902370999e-03
5.519778245325977772e-03
5.519777693345448780e-03
5.519777161567146831e-03
5.519776649991066722e-03
5.519776219223540906e-03
5.519775667243435185e-03
5.519775115263439620e-03
5.519774583485661558e-03
5.519774031505885435e-03
5.519773479526218600e-03
5.519772927546662787e-03
5.519772375567217997e-03
5.519771884194173313e-03
5.519771332214942761e-03
5.519770800437914966e-03
5.519770248458902989e-03
5.519769696480001167e-03
5.519769144501210367e-03
5.519768592522529722e-03
5.519768040543959232e-03
5.519767488565498897e-03
5.519766936587149585e-03
5.519766384608910427e-03
5.519765832630781424e-03
5.519765280652763444e-03
5.519764728674854751e-03
5.519764176697057080e-03
5.519763665123503596e-03
5.519763254560374963e-03
5.519762742987015768e-03
5.519762231413758054e-03
5.519761679436486004e-03
5.519761127459324977e-03
5.519760575482273238e-03
5.519760023505332520e-03
5.519759471528502826e-03
5.519758919551782418e-03
5.519758367575173033e-03
5.519757815598673803e-03
5.519757263622285595e-03
5.519756711646006675e-03
5.519756159669838777e-03
5.519755607693781034e-03
5.519755055717834313e-03
5.519754503741997748e-03
5.519753951766271337e-03
5.519753399790655081e-03
5.519752847815149847e-03
5.519752295839754769e-03
5.519751743864469845e-03
5.519751191889295076e-03
