6.443300593180325553e-01
6.443300948853751819e-01
6.443301304527107032e-01
6.443301660200391190e-01
6.443302015873604294e-01
6.443302371546745233e-01
6.443302727219816228e-01
6.443303082892816169e-01
6.443303438565743946e-01
6.443303794238601778e-01
6.443304149911387446e-01
6.443304505584102060e-01
6.443304861256745619e-01
6.443305216929319235e-01
6.443305572601820685e-01
6.443305928274251082e-01
6.443306147015551710e-01
6.443306356220208642e-01
6.443306645717155057e-01
6.443306592272233235e-01
6.443306814664379045e-01
6.443307101946369464e-01
6.443307289566183593e-01
6.443307588060612767e-01
6.443307366116027834e-01
6.443307286604872397e-01
6.443307166440860323e-01
6.443307272275285991e-01
6.443306943720251700e-01
6.443306762206232330e-01
6.443306854346343426e-01
6.443306734006929437e-01
6.443306840026737925e-01
6.443306786930408370e-01
6.443307016814546762e-01
6.443307248115037744e-01
6.443307512642733048e-01
6.443307774735557159e-01
6.443308130406949497e-01
6.443308486078270780e-01
6.443308841749519900e-01
6.443309197420699075e-01
6.443309553091806086e-01
6.443309908762843152e-01
6.443310264433808054e-01
6.443310503604259276e-01
6.443310859275094282e-01
6.443311214945857124e-01
6.443311570616550021e-01
6.443311851292358172e-01
6.443312189768417575e-01
6.443312322674271675e-01
6.443312497538027372e-01
6.443312710488686701e-01
6.443313066159016556e-01
6.443313421829275356e-01
6.443313777499461992e-01
6.443314133169578684e-01
6.443314488839623211e-01
6.443314844509596684e-01
6.443315200179499103e-01
6.443315369404425397e-01
6.443315507481013338e-01
6.443315789345014366e-01
6.443316145014680307e-01
6.443316500684275194e-01
6.443316856353799027e-01
6.443317212023251805e-01
6.443317567692632419e-01
6.443317923361943089e-01
6.443318279031181595e-01
6.443318634700350156e-01
6.443318990369446553e-01
6.443319346038473006e-01
6.443319617781868569e-01
6.443319783399630296e-01
6.443319797569724283e-01
6.443320060307906605e-01
6.443320328419918086e-01
6.443320543116864973e-01
6.443320818016576856e-01
6.443320870315414339e-01
6.443321124718155435e-01
6.443321437153320952e-01
6.443321792821710137e-01
6.443322148490029377e-01
6.443322504158276454e-01
6.443322859826453586e-01
6.443323215494558553e-01
6.443323571162592467e-01
6.443323926830555326e-01
6.443324282498447131e-01
6.443324638166267881e-01
6.443324993834017578e-01
6.443325349501696220e-01
6.443325705169303808e-01
6.443326060836839231e-01
6.443326416504304710e-01
6.443326772171699135e-01
6.443327127839021395e-01
