2.704139306811810806e-01 7.295860693184664791e-01
2.704139620567621582e-01 7.295860379428854570e-01
2.704139960156953237e-01 7.295860039839522360e-01
2.704140277246001034e-01 7.295859722750474008e-01
2.704140586001573254e-01 7.295859413994901788e-01
2.704140903090495041e-01 7.295859096905978891e-01
2.704141251012973646e-01 7.295858748983500286e-01
2.704141606435451761e-01 7.295858393561022170e-01
2.704141952691108686e-01 7.295858047305365801e-01
2.704142293113310780e-01 7.295857706883164262e-01
2.704142642702193067e-01 7.295857357294281975e-01
2.704143003124434008e-01 7.295856996872042144e-01
2.704143366879964705e-01 7.295856633116510892e-01
2.704143723968698843e-01 7.295856276027776754e-01
2.704144091057447130e-01 7.295855908939028467e-01
2.704144456479440906e-01 7.295855543517034691e-01
2.704144819401340660e-01 7.295855180595134382e-01
2.704145197323291061e-01 7.295854802673183981e-01
2.704145559411704203e-01 7.295854440584770284e-01
2.704145925666744943e-01 7.295854074329729544e-01
2.704146291088372345e-01 7.295853708908102142e-01
2.704146670676704223e-01 7.295853329319770264e-01
2.704147055264998212e-01 7.295852944731475720e-01
2.704147440686555104e-01 7.295852559309917718e-01
2.704147841941487163e-01 7.295852158054986214e-01
2.704148250696394862e-01 7.295851749300078515e-01
2.704148673617990384e-01 7.295851326378482993e-01
2.704149095706162020e-01 7.295850904290311911e-01
2.704149527794320051e-01 7.295850472202153325e-01
2.704149953215678748e-01 7.295850046780795184e-01
2.704150372803578173e-01 7.295849627192894093e-01
2.704150799058106514e-01 7.295849200938366863e-01
2.704151227812565672e-01 7.295848772183907149e-01
2.704151658233617250e-01 7.295848341762856126e-01
2.704152090321260138e-01 7.295847909675213794e-01
2.704152518242122771e-01 7.295847481754350605e-01
2.704152949496254621e-01 7.295847050500218200e-01
2.704153405750455152e-01 7.295846594246018224e-01
2.704153844504457171e-01 7.295846155492016205e-01
2.704154294091770661e-01 7.295845705904703271e-01
2.704154743678994222e-01 7.295845256317480265e-01
2.704155181599393054e-01 7.295844818397081433e-01
2.704155626186408590e-01 7.295844373810065342e-01
2.704156065773307693e-01 7.295843934223166238e-01
2.704156493693388175e-01 7.295843506303086867e-01
2.704156924113396143e-01 7.295843075883077233e-01
2.704157342033252087e-01 7.295842657963221844e-01
2.704157746619621494e-01 7.295842253376851883e-01
2.704158148705897435e-01 7.295841851290576496e-01
2.704158548292080466e-01 7.295841451704393466e-01
2.704158954544882976e-01 7.295841045451590956e-01
2.704159363297616303e-01 7.295840636698858184e-01
2.704159773716942050e-01 7.295840226279531882e-01
2.704160174136139849e-01 7.295839825860334082e-01
2.704160584555302949e-01 7.295839415441170983e-01
2.704160999974405954e-01 7.295839000022068532e-01
2.704161427893478908e-01 7.295838572102995023e-01
2.704161849145772512e-01 7.295838150850703085e-01
2.704162256231256722e-01 7.295837743765217764e-01
2.704162674983372483e-01 7.295837325013101449e-01
2.704163092068731511e-01 7.295836907927742976e-01
2.704163539154121332e-01 7.295836460842353155e-01
2.704164001239476867e-01 7.295835998756997620e-01
2.704164469991431341e-01 7.295835530005042591e-01
2.704164929576592380e-01 7.295835070419880442e-01
2.704165381661636780e-01 7.295834618334836597e-01
2.704165814579860272e-01 7.295834185416613105e-01
2.704166247497997722e-01 7.295833752498476210e-01
2.704166680416048019e-01 7.295833319580425913e-01
2.704167102500645847e-01 7.295832897495827529e-01
2.704167510418452047e-01 7.295832489578021329e-01
2.704167925002861628e-01 7.295832074993611194e-01
2.704168339587188497e-01 7.295831660409285435e-01
2.704168755004768276e-01 7.295831244991706210e-01
2.704169169588929167e-01 7.295830830407545875e-01
2.704169579172995830e-01 7.295830420823480322e-01
2.704169985423638956e-01 7.295830014572836086e-01
2.704170395007541305e-01 7.295829604988934847e-01
2.704170808758037392e-01 7.295829191238437650e-01
2.704171212508431066e-01 7.295828787488044531e-01
2.704171621258752989e-01 7.295828378737723163e-01
2.704172030842328378e-01 7.295827969154148329e-01
2.704172428759135105e-01 7.295827571237342157e-01
2.704172831675870081e-01 7.295827168320607736e-01
2.704173227925847911e-01 7.295826772070629351e-01
2.704173609175725690e-01 7.295826390820752128e-01
2.704173981258848891e-01 7.295826018737628926e-01
2.704174360841906100e-01 7.295825639154571718e-01
2.704174749591564120e-01 7.295825250404912587e-01
2.704175132507805612e-01 7.295824867488671650e-01
2.704175519590640842e-01 7.295824480405836976e-01
2.704175930840084230e-01 7.295824069156393588e-01
2.704176345422781846e-01 7.295823654573696526e-01
2.704176737505382677e-01 7.295823262491095695e-01
2.704177114587897335e-01 7.295822885408581593e-01
2.704177475836996858e-01 7.295822524159482070e-01
2.704177837919358174e-01 7.295822162077120199e-01
2.704178230001652583e-01 7.295821769994825789e-01
2.704178614583868101e-01 7.295821385412610827e-01
2.704178998332673056e-01 7.295821001663804761e-01
