8.955856233171712727e-04
8.955857640908198702e-04
8.955859412840317963e-04
8.955860808065657305e-04
8.955861992001527654e-04
8.955863356645001831e-04
8.955865207809271446e-04
8.955867006150888127e-04
8.955869125595986068e-04
8.955870875284759926e-04
8.955872665284913235e-04
8.955874745807142342e-04
8.955876691493198189e-04
8.955878437010337222e-04
8.955880493900360111e-04
8.955882516038498470e-04
8.955884319937002565e-04
8.955886526952155880e-04
8.955888408693173227e-04
8.955890672699870188e-04
8.955893312021838632e-04
8.955895514865035113e-04
8.955897732998430172e-04
8.955900035924908159e-04
8.955902530678887296e-04
8.955905503612163806e-04
8.955908504345992975e-04
8.955911088062041159e-04
8.955914694859622030e-04
8.955917482912912871e-04
8.955920230653995930e-04
8.955922965884019092e-04
8.955925601029422842e-04
8.955928543376771682e-04
8.955931321696889054e-04
8.955933956840666501e-04
8.955936566962909625e-04
8.955939834581060511e-04
8.955942669891223161e-04
8.955945856884884758e-04
8.955949573489040269e-04
8.955952568653740295e-04
8.955955684752643729e-04
8.955958927345930706e-04
8.955962150477801698e-04
8.955964952422432873e-04
8.955968017086828612e-04
8.955970449275817667e-04
8.955972862003559872e-04
8.955975380374939362e-04
8.955977951567870238e-04
8.955980957847169089e-04
8.955983538769405001e-04
8.955986118301071395e-04
8.955988917460676671e-04
8.955991747200897028e-04
8.955994369822619684e-04
8.955997378878578731e-04
8.955999845813279953e-04
8.956002909080148849e-04
8.956005538649968118e-04
8.956009162106830365e-04
8.956012652117935997e-04
8.956016188000071043e-04
8.956020017182496828e-04
8.956023187479514357e-04
8.956026127027290557e-04
8.956029491930303900e-04
8.956032083963968429e-04
8.956035397433809815e-04
8.956038181293444599e-04
8.956040788616025095e-04
8.956043375087320482e-04
8.956046406374377784e-04
8.956048824648454865e-04
8.956051247092198945e-04
8.956053957275904006e-04
8.956056768932740180e-04
8.956059513866605889e-04
8.956062101724268426e-04
8.956064628419217613e-04
8.956068278273868980e-04
8.956070638161740035e-04
8.956073561019180056e-04
8.956076148874144013e-04
8.956078243261120144e-04
8.956080594806756960e-04
8.956082675292381234e-04
8.956085065758469113e-04
8.956087432593252831e-04
8.956089820278289497e-04
8.956092305266236250e-04
8.956094456642109489e-04
8.956096912438085136e-04
8.956099048522538986e-04
8.956100898256715579e-04
8.956102684048328905e-04
8.956105308038250735e-04
8.956107521963666343e-04
8.956109585763534107e-04
