6.162354184699595505e-01
6.162354568467938165e-01
6.162354952236204220e-01
6.162355336004392559e-01
6.162355719772505402e-01
6.162356103540540531e-01
6.162356487308499053e-01
6.162356871076380971e-01
6.162357254844186283e-01
6.162357438905052831e-01
6.162357749756104397e-01
6.162357936732881791e-01
6.162358163865786498e-01
6.162358209717175850e-01
6.162358453817319281e-01
6.162358791045631223e-01
6.162359065730229624e-01
6.162359049176991954e-01
6.162359232246965579e-01
6.162359429980348580e-01
6.162359637429961623e-01
6.162359907790430080e-01
6.162360174839746074e-01
6.162360361003585973e-01
6.162360440716951882e-01
6.162360498170814660e-01
6.162360841814847889e-01
6.162361053454522564e-01
6.162361358667439726e-01
6.162361530829838507e-01
6.162361605356581062e-01
6.162361849016345650e-01
6.162362132164361794e-01
6.162362395612691612e-01
6.162362446182567677e-01
6.162362829948779819e-01
6.162363213714914245e-01
6.162363597480972066e-01
6.162363981246953282e-01
6.162364365012857892e-01
6.162364748778685897e-01
6.162365061063777016e-01
6.162365088600383345e-01
6.162365345125466742e-01
6.162365313613300533e-01
6.162365697378840990e-01
6.162366081144304841e-01
6.162366464909693198e-01
6.162366848675003839e-01
6.162367232440237874e-01
6.162367616205394194e-01
6.162367999970475019e-01
6.162368383735479238e-01
6.162368401666780127e-01
6.162368428346031157e-01
6.162368609155058907e-01
6.162368992919848854e-01
6.162369376684561084e-01
6.162369760449196709e-01
6.162370144213755729e-01
6.162370527978238144e-01
6.162370911742643953e-01
6.162371295506972046e-01
6.162371679271224645e-01
6.162372063035399528e-01
6.162372446799497805e-01
6.162372830563519477e-01
6.162373214327464543e-01
6.162373598091333005e-01
6.162373981855124860e-01
6.162374365618839001e-01
6.162374749382477646e-01
6.162375133146038575e-01
6.162375400353850008e-01
6.162375691996838656e-01
6.162376075760189753e-01
6.162376459523465355e-01
6.162376843286663242e-01
6.162377227049784523e-01
6.162377610812830309e-01
6.162377994575798379e-01
6.162378378338688734e-01
6.162378762101503593e-01
6.162379145864241847e-01
6.162379529626902386e-01
6.162379913389487429e-01
6.162380297151994757e-01
6.162380680914425479e-01
6.162381064676779596e-01
6.162381448439057108e-01
6.162381832201256904e-01
6.162382215963381205e-01
6.162382599725427790e-01
6.162382983487397770e-01
6.162383367249292254e-01
6.162383751011109023e-01
6.162384134772849187e-01
6.162384518534511635e-01
6.162384902296098588e-01
6.162385286057607825e-01
