3.999662936597412344e-01
3.999662540238809183e-01
3.999662264454632576e-01
3.999661866755039319e-01
3.999661468087234995e-01
3.999661070254243445e-01
3.999660670668393481e-01
3.999660283931935068e-01
3.999659884596663550e-01
3.999659488711697075e-01
3.999659094846861884e-01
3.999658696775056366e-01
3.999658299999946931e-01
3.999657902690689215e-01
3.999657503856734464e-01
3.999657105161980586e-01
3.999656736573288796e-01
3.999656338056767901e-01
3.999655939156350204e-01
3.999655550551031169e-01
3.999655172875202225e-01
3.999654834437373352e-01
3.999654435631868621e-01
3.999654036548200287e-01
3.999653637119589544e-01
3.999653252198678288e-01
3.999652855942202323e-01
3.999652732225330576e-01
3.999652916551850179e-01
3.999653453574179562e-01
3.999654053612974325e-01
3.999654653651649183e-01
3.999655253690204137e-01
3.999655853728639188e-01
3.999656453766953779e-01
3.999657053805149021e-01
3.999657653843223803e-01
3.999658253881178682e-01
3.999658648035732122e-01
3.999658792472514657e-01
3.999658395270012656e-01
3.999658004995843563e-01
3.999657607014418526e-01
3.999657208560060684e-01
3.999657045950150702e-01
3.999656912706041623e-01
3.999656842305920890e-01
3.999656704098004112e-01
3.999656556507763527e-01
3.999656710121061720e-01
3.999657306118244438e-01
3.999657906155393849e-01
3.999658506192423357e-01
3.999659106229332961e-01
3.999659706266122661e-01
3.999660306302791901e-01
3.999660906339341793e-01
3.999661506375771225e-01
3.999662106412080753e-01
3.999662706448270377e-01
3.999663306484339542e-01
3.999663906520289358e-01
3.999664506556118715e-01
3.999665106591828168e-01
3.999665706627417716e-01
3.999666306662886806e-01
3.999666906698236546e-01
3.999667506733465827e-01
3.999668106768575204e-01
3.999668706803564677e-01
3.999669306838434246e-01
3.999669906873183911e-01
3.999670506907813117e-01
3.999671106942322418e-01
3.999671706976711816e-01
3.999672307010981309e-01
3.999672907045130898e-01
3.999673507079160029e-01
3.999674107113069255e-01
3.999674707146858577e-01
3.999675307180527994e-01
3.999675907214077508e-01
3.999676507247506563e-01
3.999677107280816268e-01
3.999677707314005515e-01
3.999678307347074857e-01
3.999678907380024295e-01
3.999679507412853274e-01
3.999680107445562349e-01
3.999680707478152075e-01
3.999681307510621342e-01
3.999681907542970705e-01
3.999682507575199608e-01
3.999683107607309163e-01
3.999683707639298258e-01
3.999684307671167449e-01
3.999684907702916736e-01
3.999685507734546119e-01
3.999686107766055043e-01
3.999686707797444618e-01
