7.424376610741993954e-01
7.424376868306856725e-01
7.424377125871668426e-01
7.424377383436427946e-01
7.424377641001137507e-01
7.424377898565793776e-01
7.424378156130398976e-01
7.424378413694953105e-01
7.424378671259456164e-01
7.424378928823907042e-01
7.424379186388306850e-01
7.424379443952654478e-01
7.424379701516951036e-01
7.424379959081195413e-01
7.424380216645388719e-01
7.424380474209530956e-01
7.424380731773621012e-01
7.424380989337659997e-01
7.424381246901646803e-01
7.424381504465583648e-01
7.424381762029467202e-01
7.424382019593300797e-01
7.424382277157081100e-01
7.424382534720811444e-01
7.424382792284489607e-01
7.424383049848116700e-01
7.424383307411691613e-01
7.424383564975215455e-01
7.424383822538687117e-01
7.424384080102107708e-01
7.424384337665477229e-01
7.424384595228794570e-01
7.424384852792060840e-01
7.424385110355276041e-01
7.424385367918439060e-01
7.424385625481551010e-01
7.424385883044610779e-01
7.424386140607619478e-01
7.424386398170575996e-01
7.424386655733481444e-01
7.424386913296335821e-01
7.424387170859138019e-01
7.424387428421889146e-01
7.424387685984589202e-01
7.424387943547237079e-01
7.424388201109833885e-01
7.424388458672378510e-01
7.424388716234872065e-01
7.424388973797313440e-01
7.424389231359703745e-01
7.424389488922042979e-01
7.424389746484330033e-01
7.424390004046566016e-01
7.424390261608750929e-01
7.424390519170883662e-01
7.424390776732965325e-01
7.424391034294994807e-01
7.424391291856973218e-01
7.424391549418900560e-01
7.424391806980775721e-01
7.424392064542598701e-01
7.424392322104371722e-01
7.424392579666092562e-01
7.424392837227761222e-01
7.424393094789378811e-01
7.424393352350945330e-01
7.424393609912459668e-01
7.424393867473922937e-01
7.424394125035335135e-01
7.424394382596695152e-01
7.424394640158004099e-01
7.424394897719260866e-01
7.424395155280466563e-01
7.424395412841621189e-01
7.424395670402723635e-01
7.424395927963775010e-01
7.424396185524774205e-01
7.424396443085722330e-01
7.424396700646618275e-01
7.424396958207464259e-01
7.424397215768256952e-01
7.424397473328999686e-01
7.424397730889690239e-01
7.424397988450328612e-01
7.424398246010915914e-01
7.424398503571452146e-01
7.424398761131937308e-01
7.424399018692370289e-01
7.424399276252751090e-01
7.424399533813080820e-01
7.424399791373359481e-01
7.424400048933587071e-01
7.424400306493762480e-01
7.424400564053885709e-01
7.424400821613957868e-01
7.424401079173978957e-01
7.424401336733948975e-01
7.424401594293866813e-01
7.424401851853732470e-01
7.424402109413547057e-01
