6.772904985110980158e-01
6.772904307813844005e-01
6.772903630516843299e-01
6.772902953219978039e-01
6.772902275923249338e-01
6.772901598626654973e-01
6.772900921330196056e-01
6.772900244033872585e-01
6.772899566737684562e-01
6.772898889441631987e-01
6.772898212145715968e-01
6.772897534849934287e-01
6.772896857554288053e-01
6.772896180258777266e-01
6.772895502963403036e-01
6.772894825668163143e-01
6.772894148373058698e-01
6.772893471078090810e-01
6.772892793783257259e-01
6.772892116488559155e-01
6.772891439193997609e-01
6.772890761899570400e-01
6.772890084605278638e-01
6.772889407311123433e-01
6.772888730017102565e-01
6.772888052723218255e-01
6.772887375429468282e-01
6.772886698135853756e-01
6.772886020842375787e-01
6.772885343549032156e-01
6.772884666255825081e-01
6.772883988962752344e-01
6.772883311669816164e-01
6.772882634377014321e-01
6.772881957084349036e-01
6.772881279791818088e-01
6.772880602499423697e-01
6.772879925207163643e-01
6.772879247915040146e-01
6.772878570623050987e-01
6.772877893331198385e-01
6.772877216039480119e-01
6.772876538747898412e-01
6.772875861456452151e-01
6.772875184165140228e-01
6.772874506873964862e-01
6.772873829582923833e-01
6.772873152292019361e-01
6.772872475001250336e-01
6.772871797710615649e-01
6.772871120420117519e-01
6.772870443129754836e-01
6.772869765839526490e-01
6.772869088549434702e-01
6.772868411259478361e-01
6.772867735625979213e-01
6.772867058750373648e-01
6.772866381874903530e-01
6.772865704585488977e-01
6.772865027296208762e-01
6.772864350007065104e-01
6.772863672718056893e-01
6.772862995429183020e-01
6.772862318554525585e-01
6.772861641680003597e-01
6.772860964391537175e-01
6.772860287103205090e-01
6.772859609815009563e-01
6.772858932526949483e-01
6.772858256481263384e-01
6.772857580435713842e-01
6.772856903148058993e-01
6.772856227102780347e-01
6.772855550643556155e-01
6.772854873356307648e-01
6.772854196069194588e-01
6.772853518782216975e-01
6.772852841495374809e-01
6.772852164208669201e-01
6.772851486922097930e-01
6.772850809635662106e-01
6.772850132349361729e-01
6.772849455063197910e-01
6.772848777777168428e-01
6.772848100491274392e-01
6.772847423205516915e-01
6.772846745919893774e-01
6.772846068634406080e-01
6.772845391349054944e-01
6.772844714063838145e-01
6.772844036778756793e-01
6.772843359493811999e-01
6.772842682209001541e-01
6.772842004924326531e-01
6.772841327639788078e-01
6.772840650355383962e-01
6.772839973071116404e-01
6.772839295786983183e-01
6.772838618502985408e-01
6.772837941219124192e-01
