7.055403959036381512e-01
7.055404253498871459e-01
7.055404547961302564e-01
7.055404842423674827e-01
7.055405136885987138e-01
7.055405431348241718e-01
7.055405725810437456e-01
7.055406020272573242e-01
7.055406314734651296e-01
7.055406609196670509e-01
7.055406903658629769e-01
7.055407198120530188e-01
7.055407492582372875e-01
7.055407787044155610e-01
7.055408081505879503e-01
7.055408375967545664e-01
7.055408670429151874e-01
7.055408964890699242e-01
7.055409259352187767e-01
7.055409553813617451e-01
7.055409848274988294e-01
7.055410142736300294e-01
7.055410437197553453e-01
7.055410731658747769e-01
7.055411026119883244e-01
7.055411320580959877e-01
7.055411615041976559e-01
7.055411909502935508e-01
7.055412203963835616e-01
7.055412498424675771e-01
7.055412792885458195e-01
7.055413087346180667e-01
7.055413381806845408e-01
7.055413676267450196e-01
7.055413970727997253e-01
7.055414265188484357e-01
7.055414559648912620e-01
7.055414854109283151e-01
7.055415148569593731e-01
7.055415443029845468e-01
7.055415737490038364e-01
7.055416031950172417e-01
7.055416326410247629e-01
7.055416620870264000e-01
7.055416915330221528e-01
7.055417209790120214e-01
7.055417504249960059e-01
7.055417798709739952e-01
7.055418093169462113e-01
7.055418387629125432e-01
7.055418682088729909e-01
7.055418976548274435e-01
7.055419271007761228e-01
7.055419565467188070e-01
7.055419859926557180e-01
7.055420154385866338e-01
7.055420448845117765e-01
7.055420743304309239e-01
7.055421037763441872e-01
7.055421332222515662e-01
7.055421626681531722e-01
7.055421921140487829e-01
7.055422215599385094e-01
7.055422510058223518e-01
7.055422804517003099e-01
7.055423098975723839e-01
7.055423393434385737e-01
7.055423687892988793e-01
7.055423982351533008e-01
7.055424276810017270e-01
7.055424571268443801e-01
7.055424865726811490e-01
7.055425160185119227e-01
7.055425454643369232e-01
7.055425749101560395e-01
7.055426043559691607e-01
7.055426338017765087e-01
7.055426632475778614e-01
7.055426926933733300e-01
7.055427221391630255e-01
7.055427515849467257e-01
7.055427810307245418e-01
7.055428104764965846e-01
7.055428399222626323e-01
7.055428693680227958e-01
7.055428988137770752e-01
7.055429282595254703e-01
7.055429577052679813e-01
7.055429871510046080e-01
7.055430165967353506e-01
7.055430460424602090e-01
7.055430754881790723e-01
7.055431049338921623e-01
7.055431343795993682e-01
7.055431638253005788e-01
7.055431932709960163e-01
7.055432227166855697e-01
7.055432521623691278e-01
7.055432816080469127e-01
7.055433110537187025e-01
