6.972604628762760770e-01
6.972604931505265169e-01
6.972605234247708506e-01
6.972605536990091890e-01
6.972605839732414212e-01
6.972606142474675472e-01
6.972606445216876780e-01
6.972606747959017026e-01
6.972607050701097320e-01
6.972607353443117661e-01
6.972607656185076941e-01
6.972607958926975158e-01
6.972608261668813423e-01
6.972608564410590626e-01
6.972608867152306766e-01
6.972609169893962955e-01
6.972609472635559191e-01
6.972609775377094365e-01
6.972610078118569588e-01
6.972610380859983747e-01
6.972610683601336845e-01
6.972610986342629991e-01
6.972611289083862074e-01
6.972611591825034205e-01
6.972611894566145274e-01
6.972612197307196391e-01
6.972612500048186446e-01
6.972612802789116548e-01
6.972613105529985589e-01
6.972613408270794677e-01
6.972613711011542703e-01
6.972614013752229667e-01
6.972614316492856679e-01
6.972614619233423738e-01
6.972614921973929736e-01
6.972615224714374671e-01
6.972615527454759654e-01
6.972615830195083575e-01
6.972616132935347544e-01
6.972616435675550450e-01
6.972616738415693405e-01
6.972617041155775297e-01
6.972617343895796127e-01
6.972617646635757005e-01
6.972617949375657931e-01
6.972618252115497794e-01
6.972618554855276596e-01
6.972618857594995445e-01
6.972619160334654342e-01
6.972619463074252177e-01
6.972619765813788950e-01
6.972620068553265771e-01
6.972620371292681529e-01
6.972620674032037336e-01
6.972620976771332080e-01
6.972621279510565762e-01
6.972621582249739491e-01
6.972621884988853269e-01
6.972622187727905985e-01
6.972622490466898748e-01
6.972622793205829339e-01
6.972623095944701088e-01
6.972623398683511775e-01
6.972623701422261400e-01
6.972624004160951072e-01
6.972624306899579683e-01
6.972624609638148341e-01
6.972624912376655937e-01
6.972625215115103581e-01
6.972625517853490162e-01
6.972625820591815682e-01
6.972626123330081249e-01
6.972626426068286865e-01
6.972626728806431418e-01
6.972627031544514908e-01
6.972627334282538447e-01
6.972627637020502034e-01
6.972627939758403448e-01
6.972628242496246020e-01
6.972628545234026420e-01
6.972628847971747978e-01
6.972629150709407364e-01
6.972629453447006798e-01
6.972629756184546279e-01
6.972630058922024698e-01
6.972630361659443166e-01
6.972630664396800571e-01
6.972630967134096913e-01
6.972631269871333304e-01
6.972631572608508632e-01
6.972631875345624008e-01
6.972632178082678323e-01
6.972632480819672685e-01
6.972632783556605984e-01
6.972633086293479332e-01
6.972633389030291617e-01
6.972633691767043951e-01
6.972633994503735222e-01
6.972634297240366541e-01
6.972634599976936798e-01
