6.264681579379426379e-01
6.264680952913144196e-01
6.264680326471037120e-01
6.264679700021038578e-01
6.264679073555132760e-01
6.264678447089352398e-01
6.264677820639729111e-01
6.264677194182215469e-01
6.264676567740860014e-01
6.264675941283597282e-01
6.264675314834475817e-01
6.264674688393495616e-01
6.264674061920576520e-01
6.264673435487863040e-01
6.264672809039243395e-01
6.264672182638844067e-01
6.264671556206506953e-01
6.264670929782311104e-01
6.264670303366256521e-01
6.264669676942310472e-01
6.264669050510474069e-01
6.264668424134876012e-01
6.264667797671226168e-01
6.264667171223733400e-01
6.264666544768349166e-01
6.264665918305074577e-01
6.264665291890022525e-01
6.264664665451047387e-01
6.264664038988149164e-01
6.264663412549423827e-01
6.264662786110825055e-01
6.264662159664334817e-01
6.264661533225985846e-01
6.264660906779745408e-01
6.264660280309582996e-01
6.264659653855577659e-01
6.264659027441777939e-01
6.264658401012070943e-01
6.264657774590506323e-01
6.264657148225178940e-01
6.264656521795849420e-01
6.264655895342595704e-01
6.264655268937563415e-01
6.264654642484559499e-01
6.264654016095810851e-01
6.264653389651073656e-01
6.264652763198446106e-01
6.264652136802056903e-01
6.264651510405792045e-01
6.264650883961556671e-01
6.264650257565542724e-01
6.264649631145606801e-01
6.264649004741827953e-01
6.264648378338173451e-01
6.264647751894564243e-01
6.264647125467113220e-01
6.264646499111932165e-01
6.264645872700763674e-01
6.264645246249639365e-01
6.264644619822689053e-01
6.264643993395865307e-01
6.264643366985197526e-01
6.264642740598702630e-01
6.264642114156221409e-01
6.264641487721881452e-01
6.264640861287668061e-01
6.264640234877626446e-01
6.264639608411598504e-01
6.264638981961727637e-01
6.264638355511981116e-01
6.264637729046329540e-01
6.264637102628898280e-01
6.264636476195561965e-01
6.264635849754333075e-01
6.264635223401406883e-01
6.264634597016540685e-01
6.264633970607752511e-01
6.264633344223137223e-01
6.264632717782534499e-01
6.264632091350075260e-01
6.264631464917740367e-01
6.264630838509578359e-01
6.264630212093525996e-01
6.264629585669582168e-01
6.264628959245764905e-01
6.264628332822071988e-01
6.264627706430568876e-01
6.264627080063238651e-01
6.264626453671985340e-01
6.264625827264825864e-01
6.264625200937953275e-01
6.264624574555091030e-01
6.264623948140292109e-01
6.264623321709585912e-01
6.264622695270988251e-01
6.264622068840531854e-01
6.264621442450281075e-01
6.264620816092220101e-01
6.264620189758332014e-01
6.264619563376473410e-01
