4.981630385986630660e-01
4.981629890011713968e-01
4.981629392871471662e-01
4.981629063201608587e-01
4.981628575134316450e-01
4.981628128709116865e-01
4.981627639927723172e-01
4.981627174642883626e-01
4.981626677402959391e-01
4.981626208734820094e-01
4.981625711582812199e-01
4.981625231160373701e-01
4.981624743006135003e-01
4.981624248548682243e-01
4.981623753038686986e-01
4.981623255924767513e-01
4.981622872182815964e-01
4.981622375031489747e-01
4.981622008332446949e-01
4.981621513762780618e-01
4.981621017965133791e-01
4.981620520776597338e-01
4.981620034540626407e-01
4.981619540134263335e-01
4.981619078359822983e-01
4.981618580720548195e-01
4.981618285701899795e-01
4.981617790544025648e-01
4.981617307867540756e-01
4.981616811795069877e-01
4.981616314820435654e-01
4.981615818284499952e-01
4.981615530684901372e-01
4.981615123097098974e-01
4.981614627100282577e-01
4.981614267370101379e-01
4.981613798804720439e-01
4.981613302369586327e-01
4.981612804581159182e-01
4.981612335026083804e-01
4.981611841799283846e-01
4.981611344199123881e-01
4.981610850947458258e-01
4.981610358535495386e-01
4.981609866775263407e-01
4.981609372784541745e-01
4.981608876914209172e-01
4.981608468124629763e-01
4.981608213396067075e-01
4.981607847025393832e-01
4.981607351355915037e-01
4.981606859859487590e-01
4.981606369303012705e-01
4.981605872794226952e-01
4.981605393378348845e-01
4.981604949213348510e-01
4.981604453043200764e-01
4.981603965870684547e-01
4.981603493385042825e-01
4.981603044521143442e-01
4.981602554378977699e-01
4.981602056906054843e-01
4.981601560247770899e-01
4.981601063439209387e-01
4.981600566580622336e-01
4.981600087855028169e-01
4.981599593427724071e-01
4.981599269326877355e-01
4.981598784461186424e-01
4.981598290021629349e-01
4.981597799529550730e-01
4.981597326218070165e-01
4.981596828219899686e-01
4.981596413931320133e-01
4.981596039354702632e-01
4.981595603073750711e-01
4.981595200690207559e-01
4.981594703106034250e-01
4.981594210484376339e-01
4.981593713589626549e-01
4.981593222396740739e-01
4.981592725188904169e-01
4.981592229271896710e-01
4.981591743943977191e-01
4.981591290546026896e-01
4.981590796759640671e-01
4.981590450642717771e-01
4.981589955503128997e-01
4.981589488082967532e-01
4.981588995499967032e-01
4.981588505749148243e-01
4.981588008216466523e-01
4.981587510495913418e-01
4.981587013452152268e-01
4.981586528889699883e-01
4.981586034339871016e-01
4.981585537359063953e-01
4.981585108548794993e-01
4.981584612445372207e-01
4.981584116417236419e-01
