6.789485432292661216e-01
6.789485753347264119e-01
6.789486074401803739e-01
6.789486395456277856e-01
6.789486716510688691e-01
6.789487037565035132e-01
6.789487211951286127e-01
6.789487448358275667e-01
6.789487659916506601e-01
6.789487980970629888e-01
6.789488302024688782e-01
6.789488623078684393e-01
6.789488944132615611e-01
6.789489265186481326e-01
6.789489586240283758e-01
6.789489907294022908e-01
6.789490228347696554e-01
6.789490549401305808e-01
6.789490870454851779e-01
6.789491191508333356e-01
6.789491512561750541e-01
6.789491833615103333e-01
6.789492154668391732e-01
6.789492475721616849e-01
6.789492796774776462e-01
6.789493117827872792e-01
6.789493438880904730e-01
6.789493759933872274e-01
6.789494080986776536e-01
6.789494402039615295e-01
6.789494723092390771e-01
6.789495044145101854e-01
6.789495365197747434e-01
6.789495686250330841e-01
6.789496007302848746e-01
6.789496328355302257e-01
6.789496649407692486e-01
6.789496970460018321e-01
6.789497291512279764e-01
6.789497612564476814e-01
6.789497933616609471e-01
6.789498254668677735e-01
6.789498441982546595e-01
6.789498562023272843e-01
6.789498595598854047e-01
6.789498779478270185e-01
6.789499000529564121e-01
6.789499073297213805e-01
6.789499280813010573e-01
6.789499323277435883e-01
6.789499127760889596e-01
6.789499448812518212e-01
6.789499769864082435e-01
6.789500090915582264e-01
6.789500411967017701e-01
6.789500733018388745e-01
6.789501054069696506e-01
6.789501375120938764e-01
6.789501696172117740e-01
6.789502017223232322e-01
6.789502338274282511e-01
6.789502659325269418e-01
6.789502980376190822e-01
6.789503301427048942e-01
6.789503622477842670e-01
6.789503943528572005e-01
6.789504264579236947e-01
6.789504585629837496e-01
6.789504906680374763e-01
6.789505227730846526e-01
6.789505548781255007e-01
6.789505869831599094e-01
6.789506190881878789e-01
6.789506511932095201e-01
6.789506832982246110e-01
6.789507154032333736e-01
6.789507475082355858e-01
6.789507796132314699e-01
6.789508117182210256e-01
6.789508438232040310e-01
6.789508759281805972e-01
6.789509080331508351e-01
6.789509401381146336e-01
6.789509722430719929e-01
6.789510043480229129e-01
6.789510364529673936e-01
6.789510685579054350e-01
6.789511006628371481e-01
6.789511327677624219e-01
6.789511648726812565e-01
6.789511969775936517e-01
6.789512290824996077e-01
6.789512611873992354e-01
6.789512932922923127e-01
6.789513253971790618e-01
6.789513575020593716e-01
6.789513896069332421e-01
6.789514217118006734e-01
6.789514538166617763e-01
6.789514859215163289e-01
