6.033210805307966940e-01
6.033210202483491047e-01
6.033209599809891133e-01
6.033208996985657269e-01
6.033208394111291284e-01
6.033207791086290239e-01
6.033207188262418308e-01
6.033206585388414256e-01
6.033205982112517241e-01
6.033205379087999143e-01
6.033204775963099120e-01
6.033204173089578015e-01
6.033203570316679754e-01
6.033202967091638724e-01
6.033202364017471453e-01
6.033201760993677221e-01
6.033201157970002892e-01
6.033200554745443700e-01
6.033199951621508461e-01
6.033199348598196066e-01
6.033198745575004684e-01
6.033198142451431378e-01
6.033197539378228891e-01
6.033196936355399442e-01
6.033196333232188069e-01
6.033195730360354503e-01
6.033195127639398025e-01
6.033194524767805378e-01
6.033193921795830805e-01
6.033193318723473197e-01
6.033192715801990458e-01
6.033192112981132782e-01
6.033191510411652914e-01
6.033190907440281192e-01
6.033190304720288388e-01
6.033189701749157585e-01
6.033189098627392832e-01
6.033188495606252033e-01
6.033187892585231138e-01
6.033187289765338246e-01
6.033186686794810294e-01
6.033186084025409235e-01
6.033185480803865408e-01
6.033184878185460231e-01
6.033184275567174959e-01
6.033183672546998944e-01
6.033183069677697796e-01
6.033182467361284385e-01
6.033181864743480949e-01
6.033181262226302577e-01
6.033180659508238231e-01
6.033180056539036995e-01
6.033179454122722385e-01
6.033178851907534668e-01
6.033178249642214830e-01
6.033177646773998370e-01
6.033177044006406975e-01
6.033176441439940252e-01
6.033175838823342518e-01
6.033175237111392253e-01
6.033174634344281584e-01
6.033174031527039904e-01
6.033173428559164275e-01
6.033172826194427296e-01
6.033172223729307282e-01
6.033171621013051489e-01
6.033171019251692968e-01
6.033170416334671105e-01
6.033169813267016401e-01
6.033169210601493360e-01
6.033168607785336368e-01
6.033168005321060123e-01
6.033167402454893136e-01
6.033166799387841284e-01
6.033166196371161361e-01
6.033165593404852256e-01
6.033164990488917301e-01
6.033164387723856104e-01
6.033163784757910042e-01
6.033163181892586824e-01
6.033162578926881681e-01
6.033161976112051406e-01
6.033161372995834437e-01
6.033160769879737373e-01
6.033160166663258384e-01
6.033159563597653152e-01
6.033158960331164167e-01
6.033158357416554818e-01
6.033157754401562434e-01
6.033157151637948967e-01
6.033156548472444758e-01
6.033155945206558624e-01
6.033155342041296443e-01
6.033154738725400312e-01
6.033154135510127025e-01
6.033153532194471813e-01
6.033152928979440555e-01
6.033152325664027371e-01
6.033151722398986117e-01
6.033151119184315680e-01
