7.121481671864031693e-01
7.121481959718685140e-01
7.121482247573280855e-01
7.121482535427819949e-01
7.121482823282301311e-01
7.121483111136724942e-01
7.121483398991090841e-01
7.121483686845399008e-01
7.121483974699649444e-01
7.121484262553842148e-01
7.121484550407978231e-01
7.121484838262056583e-01
7.121485126116077202e-01
7.121485413970040090e-01
7.121485701823945247e-01
7.121485989677792672e-01
7.121486277531583475e-01
7.121486565385315437e-01
7.121486853238990777e-01
7.121487141092608386e-01
7.121487428946168263e-01
7.121487716799670409e-01
7.121488004653115933e-01
7.121488292506502615e-01
7.121488580359832676e-01
7.121488868213105006e-01
7.121489156066318493e-01
7.121489443919476470e-01
7.121489731772575604e-01
7.121490019625617007e-01
7.121490307478601789e-01
7.121490595331527729e-01
7.121490883184397047e-01
7.121491171037208634e-01
7.121491458889962489e-01
7.121491746742658613e-01
7.121492034595298115e-01
7.121492322447878776e-01
7.121492610300402815e-01
7.121492898152869122e-01
7.121493186005277698e-01
7.121493473857628542e-01
7.121493761709921655e-01
7.121494049562157036e-01
7.121494337414335796e-01
7.121494625266455714e-01
7.121494913118519010e-01
7.121495200970524575e-01
7.121495488822472408e-01
7.121495776674363620e-01
7.121496064526195990e-01
7.121496352377970629e-01
7.121496640229688646e-01
7.121496928081348932e-01
7.121497215932951486e-01
7.121497503784496308e-01
7.121497791635983399e-01
7.121498079487413868e-01
7.121498367338785496e-01
7.121498655190100502e-01
7.121498943041357776e-01
7.121499230892557319e-01
7.121499518743699131e-01
7.121499806594783211e-01
7.121500094445810669e-01
7.121500382296779286e-01
7.121500670147691281e-01
7.121500957998545545e-01
7.121501245849342077e-01
7.121501533700080877e-01
7.121501821550761946e-01
7.121502109401386393e-01
7.121502397251951999e-01
7.121502685102460983e-01
7.121502972952912236e-01
7.121503260803305757e-01
7.121503548653641547e-01
7.121503836503919604e-01
7.121504124354141041e-01
7.121504412204303636e-01
7.121504700054409609e-01
7.121504987904457851e-01
7.121505275754448361e-01
7.121505563604381139e-01
7.121505851454257296e-01
7.121506139304074612e-01
7.121506427153835306e-01
7.121506715003538268e-01
7.121507002853182389e-01
7.121507290702769888e-01
7.121507578552300766e-01
7.121507866401772802e-01
7.121508154251188216e-01
7.121508442100544789e-01
7.121508729949844740e-01
7.121509017799086960e-01
7.121509305648271448e-01
7.121509593497398205e-01
7.121509881346468340e-01
7.121510169195479634e-01
