7.218893324492285934e-01
7.218893602605679360e-01
7.218893880719017275e-01
7.218894158832298569e-01
7.218894436945524351e-01
7.218894715058695732e-01
7.218894993171810492e-01
7.218895271284869741e-01
7.218895549397873479e-01
7.218895827510821706e-01
7.218896105623714421e-01
7.218896383736550515e-01
7.218896661849332208e-01
7.218896939962057280e-01
7.218897218074727951e-01
7.218897496187342000e-01
7.218897774299900538e-01
7.218898052412403565e-01
7.218898330524851081e-01
7.218898608637243086e-01
7.218898886749579580e-01
7.218899164861859452e-01
7.218899442974084923e-01
7.218899721086253773e-01
7.218899999198368223e-01
7.218900277310426050e-01
7.218900555422428367e-01
7.218900833534375172e-01
7.218901111646266466e-01
7.218901389758102249e-01
7.218901667869882521e-01
7.218901945981606172e-01
7.218902224093275422e-01
7.218902502204888050e-01
7.218902780316446277e-01
7.218903058427947883e-01
7.218903336539393978e-01
7.218903614650784561e-01
7.218903892762119634e-01
7.218904170873399195e-01
7.218904448984623246e-01
7.218904727095790674e-01
7.218905005206903702e-01
7.218905283317960109e-01
7.218905561428962114e-01
7.218905839539907499e-01
7.218906117650797372e-01
7.218906395761631734e-01
7.218906673872410584e-01
7.218906951983133924e-01
7.218907230093801752e-01
7.218907508204412959e-01
7.218907786314969766e-01
7.218908064425469950e-01
7.218908342535915734e-01
7.218908620646304897e-01
7.218908898756638548e-01
7.218909176866916688e-01
7.218909454977139317e-01
7.218909733087306435e-01
7.218910011197418042e-01
7.218910289307473027e-01
7.218910567417473612e-01
7.218910845527417575e-01
7.218911123637307137e-01
7.218911401747140077e-01
7.218911679856917507e-01
7.218911957966639426e-01
7.218912236076305833e-01
7.218912514185916729e-01
7.218912792295472114e-01
7.218913070404970878e-01
7.218913348514415240e-01
7.218913626623802982e-01
7.218913904733135212e-01
7.218914182842413041e-01
7.218914460951634249e-01
7.218914739060799945e-01
7.218915017169910131e-01
7.218915295278964805e-01
7.218915573387962858e-01
7.218915851496906511e-01
7.218916129605794652e-01
7.218916407714626171e-01
7.218916685823402180e-01
7.218916963932123787e-01
7.218917242040788773e-01
7.218917520149398248e-01
7.218917798257952212e-01
7.218918076366450665e-01
7.218918354474892496e-01
7.218918632583279926e-01
7.218918910691611845e-01
7.218919188799887143e-01
7.218919466908106930e-01
7.218919745016272316e-01
7.218920023124381080e-01
7.218920301232434333e-01
7.218920579340432075e-01
7.218920857448374306e-01
