7.008760659437360818e-01
7.008760958564226318e-01
7.008761257691031865e-01
7.008761556817778571e-01
7.008761855944464214e-01
7.008762155071089905e-01
7.008762454197656755e-01
7.008762753324163652e-01
7.008763052450609488e-01
7.008763351576996481e-01
7.008763650703323522e-01
7.008763949829591722e-01
7.008764248955798859e-01
7.008764548081946044e-01
7.008764847208034388e-01
7.008765146334061669e-01
7.008765445460030108e-01
7.008765744585938595e-01
7.008766043711787130e-01
7.008766342837575714e-01
7.008766641963304345e-01
7.008766941088973024e-01
7.008767240214582861e-01
7.008767539340131636e-01
7.008767838465621569e-01
7.008768137591050440e-01
7.008768436716420469e-01
7.008768735841730546e-01
7.008769034966980671e-01
7.008769334092170844e-01
7.008769633217302175e-01
7.008769932342372444e-01
7.008770231467383871e-01
7.008770530592334236e-01
7.008770829717225759e-01
7.008771128842057330e-01
7.008771427966828949e-01
7.008771727091540615e-01
7.008772026216192330e-01
7.008772325340785203e-01
7.008772624465317014e-01
7.008772923589789983e-01
7.008773222714201889e-01
7.008773521838554954e-01
7.008773820962848067e-01
7.008774120087081227e-01
7.008774419211254436e-01
7.008774718335367693e-01
7.008775017459422108e-01
7.008775316583415460e-01
7.008775615707349971e-01
7.008775914831223419e-01
7.008776213955038026e-01
7.008776513078792680e-01
7.008776812202487383e-01
7.008777111326122133e-01
7.008777410449698042e-01
7.008777709573212888e-01
7.008778008696668893e-01
7.008778307820063835e-01
7.008778606943399936e-01
7.008778906066676084e-01
7.008779205189892281e-01
7.008779504313048525e-01
7.008779803436144817e-01
7.008780102559181158e-01
7.008780401682158656e-01
7.008780700805075092e-01
7.008780999927932687e-01
7.008781299050730329e-01
7.008781598173466909e-01
7.008781897296144647e-01
7.008782196418763544e-01
7.008782495541321378e-01
7.008782794663819260e-01
7.008783093786258300e-01
7.008783392908636278e-01
7.008783692030955415e-01
7.008783991153214599e-01
7.008784290275413831e-01
7.008784589397553111e-01
7.008784888519632439e-01
7.008785187641651815e-01
7.008785486763611239e-01
7.008785785885511821e-01
7.008786085007351341e-01
7.008786384129132019e-01
7.008786683250852745e-01
7.008786982372513519e-01
7.008787281494114341e-01
7.008787580615655211e-01
7.008787879737136128e-01
7.008788178858558204e-01
7.008788477979919218e-01
7.008788777101221390e-01
7.008789076222463610e-01
7.008789375343645878e-01
7.008789674464767083e-01
7.008789973585830557e-01
7.008790272706832969e-01
