2.491607686881585487e-02 9.750839231287942166e-01
2.491607817722099258e-02 9.750839218203890546e-01
2.491607888562004727e-02 9.750839211119900485e-01
2.491607979402087752e-02 9.750839202035891384e-01
2.491608070242153083e-02 9.750839192951885614e-01
2.491608141082012062e-02 9.750839185867899994e-01
2.491608251922228581e-02 9.750839174783877406e-01
2.491608322762055294e-02 9.750839167699895116e-01
2.491608393601867782e-02 9.750839160615915047e-01
2.491608484441846030e-02 9.750839151531917048e-01
2.491608595281984140e-02 9.750839140447903342e-01
2.491608706122099698e-02 9.750839129363890745e-01
2.491608796962019659e-02 9.750839120279899408e-01
2.491608887801921232e-02 9.750839111195909181e-01
2.491608978641804764e-02 9.750839102111920065e-01
2.491609029481333878e-02 9.750839097027967917e-01
2.491609040320521065e-02 9.750839095944049406e-01
2.491609071159869848e-02 9.750839092860112967e-01
2.491609101999212386e-02 9.750839089776177637e-01
2.491609152838708888e-02 9.750839084692228820e-01
2.491609243678511582e-02 9.750839075608248585e-01
2.491609314518139842e-02 9.750839068524286279e-01
2.491609405357907842e-02 9.750839059440309375e-01
2.491609476197505918e-02 9.750839052356350400e-01
2.491609527036939276e-02 9.750839047272407134e-01
2.491609597876510984e-02 9.750839040188450380e-01
2.491609688716214452e-02 9.750839031104480137e-01
2.491609739555611727e-02 9.750839026020541311e-01
2.491609830395282929e-02 9.750839016936574399e-01
2.491609901234795657e-02 9.750839009852623196e-01
2.491609952074156503e-02 9.750839004768687701e-01
2.491610002913506941e-02 9.750838999684753317e-01
2.491610053752847317e-02 9.750838994600820042e-01
2.491610104592177286e-02 9.750838989516887878e-01
2.491610135431367168e-02 9.750838986432968092e-01
2.491610206270807037e-02 9.750838979349024660e-01
2.491610257110106821e-02 9.750838974265094716e-01
2.491610287949272071e-02 9.750838971181177151e-01
2.491610318788431422e-02 9.750838968097260695e-01
2.491610349627584528e-02 9.750838965013344239e-01
2.491610380466731389e-02 9.750838961929428894e-01
2.491610431305988152e-02 9.750838956845504502e-01
2.491610482145234853e-02 9.750838951761580109e-01
2.491610532984471146e-02 9.750838946677656827e-01
2.491610563823587476e-02 9.750838943593744812e-01
2.491610614662805728e-02 9.750838938509823750e-01
2.491610685502119657e-02 9.750838931425892531e-01
2.491610776341523711e-02 9.750838922341952264e-01
2.491610847180807456e-02 9.750838915258024375e-01
2.491610898019976789e-02 9.750838910174107754e-01
2.491610968859234165e-02 9.750838903090182086e-01
2.491611039698477317e-02 9.750838896006258638e-01
2.491611110537706592e-02 9.750838888922336301e-01
2.491611241377197222e-02 9.750838875838385711e-01
2.491611352216571706e-02 9.750838864754448609e-01
2.491611483056012377e-02 9.750838851670503571e-01
2.491611593895340718e-02 9.750838840586570910e-01
2.491611664734478745e-02 9.750838833502657454e-01
2.491611715573520749e-02 9.750838828418754156e-01
2.491611786412632756e-02 9.750838821334842921e-01
2.491611877251808521e-02 9.750838812250924859e-01
2.491611968090965898e-02 9.750838803167009017e-01
2.491612058930105233e-02 9.750838794083095395e-01
2.491612129769154443e-02 9.750838786999190821e-01
2.491612180608119426e-02 9.750838781915295295e-01
2.491612251447142268e-02 9.750838774831392941e-01
2.491612322286151232e-02 9.750838767747492808e-01
2.491612393125145625e-02 9.750838760663593785e-01
2.491612463964126140e-02 9.750838753579695872e-01
2.491612494802971853e-02 9.750838750495810503e-01
2.491612545641869875e-02 9.750838745411921638e-01
2.491612576480701710e-02 9.750838742328037378e-01
2.491612627319581344e-02 9.750838737244149623e-01
2.491612678158450569e-02 9.750838732160264088e-01
2.491612708997259854e-02 9.750838729076382050e-01
2.491612739836062893e-02 9.750838725992501121e-01
2.491612790674905750e-02 9.750838720908616697e-01
2.491612861513782529e-02 9.750838713824729886e-01
2.491612912352603182e-02 9.750838708740848793e-01
2.491613003191493758e-02 9.750838699656959596e-01
2.491613134030442114e-02 9.750838686573064518e-01
2.491613264869364103e-02 9.750838673489171660e-01
2.491613375708226150e-02 9.750838662405284518e-01
2.491613466547034153e-02 9.750838653321404204e-01
2.491613557385823768e-02 9.750838644237524999e-01
2.491613608224539297e-02 9.750838639153653897e-01
2.491613639063218477e-02 9.750838636069785181e-01
2.491613649901867553e-02 9.750838634985919962e-01
2.491613680740536324e-02 9.750838631902052356e-01
2.491613691579179501e-02 9.750838630818187136e-01
2.491613702417819903e-02 9.750838629734323026e-01
2.491613713256458570e-02 9.750838628650457807e-01
2.491613704095081011e-02 9.750838629566596083e-01
2.491613694933705186e-02 9.750838630482733249e-01
2.491613685772331097e-02 9.750838631398870415e-01
2.491613676610958741e-02 9.750838632315007581e-01
2.491613667449588468e-02 9.750838633231144748e-01
2.491613678288224012e-02 9.750838632147280638e-01
2.491613649126853125e-02 9.750838635063416859e-01
2.491613639965488403e-02 9.750838635979554025e-01
