1.044949912144198890e-04
1.044949879793179241e-04
1.044950023796582057e-04
1.044950063590538761e-04
1.044950063303946451e-04
1.044950151194535762e-04
1.044950207020681063e-04
1.044950262846815252e-04
1.044950270576308296e-04
1.044950374499050154e-04
1.044950414292943974e-04
1.044950438054624667e-04
1.044950437767995223e-04
1.044950445497466854e-04
1.044950437194736470e-04
1.044950501036902345e-04
1.044950508766365302e-04
1.044950476415337792e-04
1.044950476128704689e-04
1.044950572035225803e-04
1.044950571748583213e-04
1.044950627574602747e-04
1.044950579191391790e-04
1.044950578904748522e-04
1.044950626714658443e-04
1.044950618411918979e-04
1.044950666221815348e-04
1.044950657919073715e-04
1.044950673664600749e-04
1.044950697426212731e-04
1.044950769284344291e-04
1.044950809078115054e-04
1.044950848871877821e-04
1.044950880649547645e-04
1.044950880362874562e-04
1.044950936188785134e-04
1.044950919869941207e-04
1.044950919583264329e-04
1.044950935328749485e-04
1.044950902977750436e-04
1.044950870626757891e-04
1.044950822243614696e-04
1.044950942198114046e-04
1.044950957943589038e-04
1.044950933608680086e-04
1.044950917289851202e-04
1.044950957083547562e-04
1.044951036957604692e-04
1.044951068735208108e-04
1.044951108528877228e-04
1.044951124274324573e-04
1.044951115971556920e-04
1.044951155765209505e-04
1.044951219607060961e-04
1.044951291464967820e-04
1.044951331258590861e-04
1.044951282875474093e-04
1.044951242508432787e-04
1.044951266269919136e-04
1.044951290031400607e-04
1.044951409985637309e-04
1.044951505891662265e-04
1.044951529653112700e-04
1.044951497302131947e-04
1.044951440902977123e-04
1.044951448632308214e-04
1.044951512474047455e-04
1.044951520203369873e-04
1.044951535948747694e-04
1.044951559710178478e-04
1.044951519343161972e-04
1.044951551120643958e-04
1.044951574882066068e-04
1.044951566579271717e-04
1.044951598356739473e-04
1.044951590053944443e-04
1.044951613815353272e-04
1.044951637576757223e-04
1.044951693402352020e-04
1.044951773276079959e-04
1.044951789021413599e-04
1.044951780718604475e-04
1.044951788447888403e-04
1.044951796177170841e-04
1.044951843986672153e-04
1.044951811635731108e-04
1.044951819365008802e-04
1.044951843126368571e-04
1.044951794743355480e-04
1.044951810488672721e-04
1.044951738057554679e-04
1.044951665626451138e-04
1.044951737484040325e-04
1.044951705133135737e-04
1.044951688814309699e-04
1.044951736623769134e-04
1.044951776417184550e-04
1.044951744066289042e-04
1.044951759811597202e-04
1.044951735476742054e-04
