6.211914842758812227e-01
6.211914221941379211e-01
6.211913601132245111e-01
6.211912980360023706e-01
6.211912359547050455e-01
6.211911738717851295e-01
6.211911117937826132e-01
6.211910497145662902e-01
6.211909876406761510e-01
6.211909255623021542e-01
6.211908634782180583e-01
6.211908014113138865e-01
6.211907393386996157e-01
6.211906772677328048e-01
6.211906152037272033e-01
6.211905531336027186e-01
6.211904910671693925e-01
6.211904289946171831e-01
6.211903669212600620e-01
6.211903048630389446e-01
6.211902427950202199e-01
6.211901807233352057e-01
6.211901186594288582e-01
6.211900565951261610e-01
6.211899945238871235e-01
6.211899324514342791e-01
6.211898703826724821e-01
6.211898083167844975e-01
6.211897462419163629e-01
6.211896841629731547e-01
6.211896220824074666e-01
6.211895600034891274e-01
6.211894979446118681e-01
6.211894358710321473e-01
6.211893737966472928e-01
6.211893117251360286e-01
6.211892496491410176e-01
6.211891875707058475e-01
6.211891255041368520e-01
6.211890634253178778e-01
6.211890013526424337e-01
6.211889392791619668e-01
6.211888771987451596e-01
6.211888151261070190e-01
6.211887530440800553e-01
6.211886909735104823e-01
6.211886288935520861e-01
6.211885668176935216e-01
6.211885047353075118e-01
6.211884426533426096e-01
6.211883805869226061e-01
6.211883185062089252e-01
6.211882564336824730e-01
6.211881943546284646e-01
6.211881322894843294e-01
6.211880702133163457e-01
6.211880081351170979e-01
6.211879460646965168e-01
6.211878839906096461e-01
6.211878219189875816e-01
6.211877598416555291e-01
6.211876977729196003e-01
6.211876357058310205e-01
6.211875736309886431e-01
6.211875115643337164e-01
6.211874494981000083e-01
6.211873874277911156e-01
6.211873253595383559e-01
6.211872632978381326e-01
6.211872012349239913e-01
6.211871391687522337e-01
6.211870770997317548e-01
6.211870150303149263e-01
6.211869529658153866e-01
6.211868909017370655e-01
6.211868288413497918e-01
6.211867667850624608e-01
6.211867047279701071e-01
6.211866426757951531e-01
6.211865806228149545e-01
6.211865185665773614e-01
6.211864565123959014e-01
6.211863944492344025e-01
6.211863323954863736e-01
6.211862703356196835e-01
6.211862082806702823e-01
6.211861462269595568e-01
6.211860841708087833e-01
6.211860221187579523e-01
6.211859600659019875e-01
6.211858979991610186e-01
6.211858359397898210e-01
6.211857738824748676e-01
6.211857118300773140e-01
6.211856497772832997e-01
6.211855877236842627e-01
6.211855256745939524e-01
6.211854636222460257e-01
6.211854015654142414e-01
6.211853395147260981e-01
