2.480378155831688275e-02 9.751962184375261300e-01
2.480378257794872005e-02 9.751962174178943066e-01
2.480378309757550262e-02 9.751962168982676316e-01
2.480378361720218111e-02 9.751962163786409565e-01
2.480378438683113196e-02 9.751962156090120404e-01
2.480378490645757453e-02 9.751962150893855874e-01
2.480378542608391648e-02 9.751962145697593565e-01
2.480378594571015435e-02 9.751962140501331255e-01
2.480378621533401579e-02 9.751962137805093578e-01
2.480378648495781824e-02 9.751962135108854790e-01
2.480378675458156865e-02 9.751962132412618223e-01
2.480378702420526701e-02 9.751962129716381655e-01
2.480378704382673466e-02 9.751962129520166389e-01
2.480378706344819884e-02 9.751962129323951123e-01
2.480378708306965954e-02 9.751962129127735857e-01
2.480378710269111331e-02 9.751962128931521701e-01
2.480378712231256708e-02 9.751962128735306434e-01
2.480378714193401390e-02 9.751962128539091168e-01
2.480378691155343471e-02 9.751962130842896093e-01
2.480378668117289714e-02 9.751962133146701017e-01
2.480378645079240815e-02 9.751962135450504832e-01
2.480378722041976652e-02 9.751962127754230103e-01
2.480378799004697224e-02 9.751962120057957595e-01
2.480378925967782061e-02 9.751962107361650256e-01
2.480379077931029255e-02 9.751962092165326057e-01
2.480379179893876102e-02 9.751962081969041130e-01
2.480379306856884958e-02 9.751962069272740452e-01
2.480379483820228589e-02 9.751962051576406054e-01
2.480379685783714455e-02 9.751962031380057017e-01
2.480379862746984534e-02 9.751962013683730390e-01
2.480379989709874389e-02 9.751962000987440815e-01
2.480380191673248885e-02 9.751961980791103990e-01
2.480380393636583136e-02 9.751961960594770495e-01
2.480380595599876795e-02 9.751961940398441442e-01
2.480380772562967504e-02 9.751961922702131469e-01
2.480380949526022824e-02 9.751961905005825937e-01
2.480381076488728104e-02 9.751961892309555235e-01
2.480381203451407710e-02 9.751961879613287865e-01
2.480381330414061641e-02 9.751961866917022714e-01
2.480381382376240298e-02 9.751961861720805924e-01
2.480381409338261109e-02 9.751961859024603774e-01
2.480381436300276715e-02 9.751961856328402733e-01
2.480381463262286770e-02 9.751961853632201693e-01
2.480381490224291274e-02 9.751961850936001763e-01
2.480381517186290574e-02 9.751961848239801833e-01
2.480381469147879478e-02 9.751961853043643602e-01
2.480381396109345229e-02 9.751961860347496680e-01
2.480381298070695809e-02 9.751961870151361067e-01
2.480381200032066163e-02 9.751961879955223234e-01
2.480381101993456294e-02 9.751961889759083180e-01
2.480381003954865854e-02 9.751961899562942016e-01
2.480380880916174813e-02 9.751961911866812160e-01
2.480380757877508752e-02 9.751961924170678975e-01
2.480380634838866977e-02 9.751961936474544679e-01
2.480380486800137438e-02 9.751961951278417251e-01
2.480380363761547358e-02 9.751961963582277404e-01
2.480380215722874718e-02 9.751961978386144425e-01
2.480380042684126457e-02 9.751961995690019425e-01
2.480379869645412544e-02 9.751962012993889983e-01
2.480379696606733672e-02 9.751962030297758321e-01
2.480379523568089148e-02 9.751962047601622219e-01
2.480379325529384268e-02 9.751962067405491874e-01
2.480379102490626667e-02 9.751962089709368398e-01
2.480378879451913474e-02 9.751962112013240480e-01
2.480378656413244690e-02 9.751962134317107012e-01
2.480378433374621008e-02 9.751962156620970212e-01
2.480378185335959176e-02 9.751962181424836951e-01
2.480377937297346611e-02 9.751962206228698138e-01
2.480377689258784005e-02 9.751962231032553774e-01
2.480377441220271012e-02 9.751962255836404969e-01
2.480377193181807632e-02 9.751962280640251723e-01
2.480376945143393866e-02 9.751962305444092927e-01
2.480376697105029712e-02 9.751962330247929689e-01
2.480376449066714825e-02 9.751962355051760900e-01
2.480376201028449898e-02 9.751962379855587670e-01
2.480375952990234584e-02 9.751962404659408890e-01
2.480375704952068883e-02 9.751962429463225668e-01
2.480375456913952448e-02 9.751962454267036895e-01
2.480375208875885973e-02 9.751962479070843681e-01
2.480374960837869111e-02 9.751962503874646027e-01
2.480374712799901862e-02 9.751962528678442821e-01
2.480374489762028969e-02 9.751962550982230526e-01
2.480374266724200832e-02 9.751962573286013791e-01
2.480374043686417451e-02 9.751962595589792615e-01
2.480373820648678479e-02 9.751962617893566998e-01
2.480373622611019291e-02 9.751962637697332292e-01
2.480373449573431907e-02 9.751962655001090718e-01
2.480373276535879565e-02 9.751962672304844704e-01
2.480373103498361570e-02 9.751962689608596468e-01
2.480372930460878270e-02 9.751962706912344903e-01
2.480372757423429664e-02 9.751962724216088896e-01
2.480372584386015405e-02 9.751962741519830669e-01
2.480372386348618508e-02 9.751962761323569318e-01
2.480372188311261161e-02 9.751962781127304636e-01
2.480371990273943367e-02 9.751962800931035513e-01
2.480371817236675172e-02 9.751962818234761743e-01
2.480371669199448945e-02 9.751962833038484435e-01
2.480371521162252554e-02 9.751962847842204907e-01
2.480371373125085654e-02 9.751962862645920938e-01
2.480371225087948592e-02 9.751962877449635858e-01
