1.307591077982285543e-04
1.307591222913821120e-04
1.307591242530829062e-04
1.307591199490589992e-04
1.307591206576148803e-04
1.307591213661706529e-04
1.307591283404486873e-04
1.307591465930245703e-04
1.307591435421447904e-04
1.307591392381215339e-04
1.307591411998190755e-04
1.307591368957969032e-04
1.307591350980630664e-04
1.307591270346115215e-04
1.307591239837355363e-04
1.307591209328601745e-04
1.307591141225557111e-04
1.307591236031130008e-04
1.307591142865236714e-04
1.307591074762219185e-04
1.307591106910633704e-04
1.307591088933337620e-04
1.307591133613169286e-04
1.307591103104450362e-04
1.307591160315694026e-04
1.307591267652610345e-04
1.307591400052344967e-04
1.307591407137867457e-04
1.307591464349057723e-04
1.307591671937229094e-04
1.307591729148381684e-04
1.307591861548003821e-04
1.307591931290538051e-04
1.307592138878579859e-04
1.307592396592218971e-04
1.307592441271861715e-04
1.307592485951495514e-04
1.307592455442684162e-04
1.307592587842141228e-04
1.307592557333325811e-04
1.307592576950125586e-04
1.307592621629723607e-04
1.307592641246513082e-04
1.307592610737704712e-04
1.307592605291696755e-04
1.307592562251502137e-04
1.307592481617131971e-04
1.307592476171138651e-04
1.307592433130969783e-04
1.307592352496636480e-04
1.307592359582047568e-04
1.307592291479126262e-04
1.307592386284252468e-04
1.307592318181342275e-04
1.307592300203984392e-04
1.307592257163863229e-04
1.307592201592368557e-04
1.307592095895361150e-04
1.307592015261134098e-04
1.307591984752437130e-04
1.307591916649614757e-04
1.307591785889926199e-04
1.307591717787137166e-04
1.307591587027494685e-04
1.307591456267878226e-04
1.307591350571029926e-04
1.307591219811463340e-04
1.307591089051923046e-04
1.307590958292408772e-04
1.307590827532920791e-04
1.307590696773458831e-04
1.307590566014022891e-04
1.307590435254613243e-04
1.307590304495229888e-04
1.307590173735872282e-04
1.307590042976541239e-04
1.307589912217236216e-04
1.307589781457957215e-04
1.307589650698704506e-04
1.307589519939478088e-04
1.307589389180277421e-04
1.307589258421103316e-04
1.307589127661955232e-04
1.307589009434181469e-04
1.307588903737778776e-04
1.307588798041397224e-04
1.307588692345036815e-04
1.307588586648697276e-04
1.307588455889694746e-04
1.307588337662059490e-04
1.307588206903107918e-04
1.307588126269535996e-04
1.307587995510631857e-04
1.307587889814425676e-04
1.307587784118240364e-04
1.307587703484742981e-04
1.307587660445258244e-04
1.307587542217796732e-04
1.307587461584347867e-04
1.307587380950914722e-04
