6.064366423642820747e-01
6.064366591355692115e-01
6.064366887728924738e-01
6.064367105141441616e-01
6.064367418256577658e-01
6.064367683802281972e-01
6.064367963846815091e-01
6.064368259066870159e-01
6.064368244973273869e-01
6.064368468764027575e-01
6.064368862330683507e-01
6.064369255897260613e-01
6.064369649463758893e-01
6.064369890873481106e-01
6.064370071643542248e-01
6.064370277113023677e-01
6.064370670679262165e-01
6.064371064245422938e-01
6.064371457811503774e-01
6.064371851377506895e-01
6.064372244943431189e-01
6.064372638509275548e-01
6.064373032075042191e-01
6.064373425640730009e-01
6.064373819206340110e-01
6.064374076204442909e-01
6.064374248590349570e-01
6.064374428131660277e-01
6.064374265815872800e-01
6.064374555896766550e-01
6.064374716365180662e-01
6.064374841570163710e-01
6.064374922601893925e-01
6.064375018934461403e-01
6.064375145029107239e-01
6.064374976121841287e-01
6.064374907127517700e-01
6.064375117057242415e-01
6.064375387689051600e-01
6.064375551904127581e-01
6.064375664828139945e-01
6.064375732451116052e-01
6.064375461713753523e-01
6.064375307067322307e-01
6.064375530944305925e-01
6.064375576248851596e-01
6.064375898409493093e-01
6.064376063927651161e-01
6.064376334245810130e-01
6.064376470816377207e-01
6.064376488426436174e-01
6.064376414557355321e-01
6.064376275286977869e-01
6.064375989161318037e-01
6.064375908788520730e-01
6.064375912501321908e-01
6.064375692015164798e-01
6.064375673860726845e-01
6.064375684378090492e-01
6.064375458378215011e-01
6.064375753771394928e-01
6.064375652646718518e-01
6.064375523752535413e-01
6.064375528016753281e-01
6.064375647870346997e-01
6.064375725179912413e-01
6.064375792000705756e-01
6.064375869360366655e-01
6.064375891256180706e-01
6.064376037362888550e-01
6.064376375024008725e-01
6.064376580692210084e-01
6.064376659918926382e-01
6.064376999584900618e-01
6.064377308824665525e-01
6.064377137825121000e-01
6.064377373330304133e-01
6.064377546755104209e-01
6.064377373562599427e-01
6.064377720534077643e-01
6.064377846703061792e-01
6.064378163611712225e-01
6.064378086960733327e-01
6.064378164520543013e-01
6.064378264486385284e-01
6.064378482748112864e-01
6.064378624593657063e-01
6.064378487980192078e-01
6.064378148521919476e-01
6.064378271495255435e-01
6.064378391486107134e-01
6.064378210737346730e-01
6.064378146429806327e-01
6.064378186821590688e-01
6.064378462426516236e-01
6.064378816038936693e-01
6.064378943510868591e-01
6.064379278764769898e-01
6.064379643642667794e-01
6.064379651427760365e-01
