2.411985378651365988e-02 9.758801462592016085e-01
2.411985137450464375e-02 9.758801486712105344e-01
2.411984896249610988e-02 9.758801510832191273e-01
2.411984655048805826e-02 9.758801534952271650e-01
2.411984413848048889e-02 9.758801559072347587e-01
2.411984172647340524e-02 9.758801583192417972e-01
2.411983931446680038e-02 9.758801607312483917e-01
2.411983690246067777e-02 9.758801631432545420e-01
2.411983449045503741e-02 9.758801655552601373e-01
2.411983207844987931e-02 9.758801679672652885e-01
2.411982966644520693e-02 9.758801703792699955e-01
2.411982725444101333e-02 9.758801727912741475e-01
2.411982484243730546e-02 9.758801752032778554e-01
2.411982243043407637e-02 9.758801776152811192e-01
2.411982001843133300e-02 9.758801800272838278e-01
2.411981760642906841e-02 9.758801824392860924e-01
2.411981519442728955e-02 9.758801848512879129e-01
2.411981278242598947e-02 9.758801872632891783e-01
2.411981037042517512e-02 9.758801896752899996e-01
2.411980795842484301e-02 9.758801920872902658e-01
2.411980554642499316e-02 9.758801944992901989e-01
2.411980313442562210e-02 9.758801969112894659e-01
2.411980072242673676e-02 9.758801993232883998e-01
2.411979831042833367e-02 9.758802017352867786e-01
2.411979589843041283e-02 9.758802041472847133e-01
2.411979348643297424e-02 9.758802065592820929e-01
2.411979107443601791e-02 9.758802089712791394e-01
2.411978866243954384e-02 9.758802113832755198e-01
2.411978625044355201e-02 9.758802137952715672e-01
2.411978383844804244e-02 9.758802162072670594e-01
2.411978142645301859e-02 9.758802186192621075e-01
2.411977901445847353e-02 9.758802210312566006e-01
2.411977660246441071e-02 9.758802234432506495e-01
2.411977419047083362e-02 9.758802258552442543e-01
2.411977177847773532e-02 9.758802282672373041e-01
2.411976936648511927e-02 9.758802306792299097e-01
2.411976695449298894e-02 9.758802330912220713e-01
2.411976454250133739e-02 9.758802355032136777e-01
2.411976213051017157e-02 9.758802379152048401e-01
2.411975971851948453e-02 9.758802403271955583e-01
2.411975730652928321e-02 9.758802427391857215e-01
2.411975489453956414e-02 9.758802451511754406e-01
2.411975248255032386e-02 9.758802475631647155e-01
2.411975007056156931e-02 9.758802499751534354e-01
2.411974765857329700e-02 9.758802523871417112e-01
2.411974524658550695e-02 9.758802547991295429e-01
2.411974283459819915e-02 9.758802572111168194e-01
2.411974042261137360e-02 9.758802596231036519e-01
2.411973801062503031e-02 9.758802620350899293e-01
2.411973559863916927e-02 9.758802644470758736e-01
2.411973318665379049e-02 9.758802668590612628e-01
2.411973077466889395e-02 9.758802692710460969e-01
2.411972836268447967e-02 9.758802716830304869e-01
2.411972595070054765e-02 9.758802740950144328e-01
2.411972353871709787e-02 9.758802765069979346e-01
2.411972112673413382e-02 9.758802789189808813e-01
2.411971871475164855e-02 9.758802813309633839e-01
2.411971630276964554e-02 9.758802837429453314e-01
2.411971389078812825e-02 9.758802861549268348e-01
2.411971147880708974e-02 9.758802885669078941e-01
2.411970906682653695e-02 9.758802909788883984e-01
2.411970665484646295e-02 9.758802933908684585e-01
2.411970424286687467e-02 9.758802958028480745e-01
2.411970183088776518e-02 9.758802982148271354e-01
2.411969941890914140e-02 9.758803006268057523e-01
2.411969700693099988e-02 9.758803030387839250e-01
2.411969459495333715e-02 9.758803054507615427e-01
2.411969218297616013e-02 9.758803078627387162e-01
2.411968977099946537e-02 9.758803102747154457e-01
2.411968735902325287e-02 9.758803126866916200e-01
2.411968494704752261e-02 9.758803150986673502e-01
2.411968253507227461e-02 9.758803175106426364e-01
2.411968012309750886e-02 9.758803199226173675e-01
2.411967771112322537e-02 9.758803223345916544e-01
2.411967529914942412e-02 9.758803247465654973e-01
2.411967288717610514e-02 9.758803271585387851e-01
2.411967047520326840e-02 9.758803295705116287e-01
2.411966806323091392e-02 9.758803319824839173e-01
2.411966565125904169e-02 9.758803343944558728e-01
2.411966323928765518e-02 9.758803368064272732e-01
2.411966082731674746e-02 9.758803392183981185e-01
2.411965841534632199e-02 9.758803416303685196e-01
2.411965600337638224e-02 9.758803440423384767e-01
2.411965359140692128e-02 9.758803464543078787e-01
2.411965117943794257e-02 9.758803488662769476e-01
2.411964876746944958e-02 9.758803512782453504e-01
2.411964635550143538e-02 9.758803536902134201e-01
2.411964394353390689e-02 9.758803561021809347e-01
2.411964153156686066e-02 9.758803585141480053e-01
2.411963911960029322e-02 9.758803609261145207e-01
2.411963670763421150e-02 9.758803633380805920e-01
2.411963429566861203e-02 9.758803657500462192e-01
2.411963188370349481e-02 9.758803681620112913e-01
2.411962947173885638e-02 9.758803705739759193e-01
2.411962705977470367e-02 9.758803729859401033e-01
2.411962464781103321e-02 9.758803753979037321e-01
2.411962223584784501e-02 9.758803778098669168e-01
2.411961982388513906e-02 9.758803802218296575e-01
2.411961741192291536e-02 9.758803826337918430e-01
2.411961499996117392e-02 9.758803850457535844e-01
