5.563679524885566628e-04
5.563678968512162249e-04
5.563678412138868459e-04
5.563677855765686341e-04
5.563677299392614812e-04
5.563676743019654956e-04
5.563676186646806772e-04
5.563675630274069177e-04
5.563675073901443256e-04
5.563674517528929006e-04
5.563673961156525346e-04
5.563673404784233358e-04
5.563672848412051959e-04
5.563672292039982233e-04
5.563671735668024180e-04
5.563671179296176715e-04
5.563670622924440923e-04
5.563670066552816804e-04
5.563669510181303273e-04
5.563668953809901415e-04
5.563668397438610146e-04
5.563667841067431634e-04
5.563667284696362627e-04
5.563666728325406376e-04
5.563666171954560714e-04
5.563665615583825641e-04
5.563665059213203324e-04
5.563664502842691597e-04
5.563663946472290458e-04
5.563663390102000991e-04
5.563662833731823198e-04
5.563662277361757077e-04
5.563661720991801545e-04
5.563661164621957686e-04
5.563660608252224415e-04
5.563660051882602818e-04
5.563659495513092893e-04
5.563658939143693557e-04
5.563658382774405893e-04
5.563657826405228818e-04
5.563657270036164500e-04
5.563656713667209687e-04
5.563656157298367631e-04
5.563655600929636163e-04
5.563655044561016368e-04
5.563654488192507162e-04
5.563653931824109628e-04
5.563653375455822683e-04
5.563652819087648495e-04
5.563652262719584896e-04
5.563651706351631886e-04
5.563651149983790548e-04
5.563650593616060883e-04
5.563650037248441807e-04
5.563649480880934403e-04
5.563648924513538672e-04
5.563648368146253530e-04
5.563647811779080061e-04
5.563647255412018265e-04
5.563646699045067057e-04
5.563646142678227522e-04
5.563645586311498576e-04
5.563645029944881302e-04
5.563644473578375702e-04
5.563643917211980689e-04
5.563643360845697350e-04
5.563642804479525684e-04
5.563642248113464606e-04
5.563641691747515201e-04
5.563641135381676385e-04
5.563640579015950325e-04
5.563640022650333770e-04
5.563639466284829973e-04
5.563638909919436763e-04
5.563638353554154143e-04
5.563637797188984279e-04
5.563637240823925004e-04
5.563636684458976318e-04
5.563636128094139304e-04
5.563635571729413963e-04
5.563635015364800296e-04
5.563634459000297216e-04
5.563633902635904726e-04
5.563633346271624992e-04
5.563632789907455847e-04
5.563632233543397291e-04
5.563631677179451491e-04
5.563631120815616280e-04
5.563630564451891658e-04
5.563630008088278709e-04
5.563629451724777433e-04
5.563628895361386745e-04
5.563628338998107730e-04
5.563627782634940388e-04
5.563627226271883634e-04
5.563626669908938553e-04
5.563626113546105145e-04
5.563625557183382326e-04
5.563625000820771179e-04
5.563624444458270622e-04
