6.177174928843927049e-01
6.177175218302783932e-01
6.177175496242975905e-01
6.177175708186156688e-01
6.177176012846301578e-01
6.177176124322473205e-01
6.177176439777628536e-01
6.177176606210299514e-01
6.177176542140124793e-01
6.177176873094977205e-01
6.177177170307381893e-01
6.177177273775942279e-01
6.177177656061541011e-01
6.177178038347063138e-01
6.177178420632508660e-01
6.177178802917877576e-01
6.177178900814952467e-01
6.177179107848401740e-01
6.177179287233927063e-01
6.177179351482586789e-01
6.177179466992622769e-01
6.177179578987382902e-01
6.177179774015664204e-01
6.177179708992880380e-01
6.177179711417989383e-01
6.177179930206849745e-01
6.177179887665328328e-01
6.177180072679102629e-01
6.177180315179453540e-01
6.177180554691793501e-01
6.177180717698345092e-01
6.177180995849730349e-01
6.177181378134192213e-01
6.177181760418577472e-01
6.177182142702886125e-01
6.177182524987118173e-01
6.177182907271274726e-01
6.177183184261425541e-01
6.177183545752342742e-01
6.177183792592999545e-01
6.177183920990235722e-01
6.177184206854127169e-01
6.177184398840458446e-01
6.177184781124159807e-01
6.177185163407783453e-01
6.177185545691331603e-01
6.177185927974803148e-01
6.177186310258198088e-01
6.177186692541517532e-01
6.177187074824759261e-01
6.177187457107925495e-01
6.177187839391014013e-01
6.177188221674027035e-01
6.177188603956963453e-01
6.177188986239823265e-01
6.177189368522606472e-01
6.177189750805314183e-01
6.177190133087944179e-01
6.177190481943015676e-01
6.177190774382504967e-01
6.177191087214412013e-01
6.177191283814464917e-01
6.177191415652333317e-01
6.177191754603121865e-01
6.177192092237673293e-01
6.177192322518428869e-01
6.177192649754292830e-01
6.177192805965632250e-01
6.177193133091020139e-01
6.177193280644989182e-01
6.177193529523561377e-01
6.177193706302966936e-01
6.177193782088807872e-01
6.177193964954412753e-01
6.177194196166720941e-01
6.177194391887378400e-01
6.177194609079537102e-01
6.177194727003090247e-01
6.177194908576866261e-01
6.177195135272298687e-01
6.177195365000595073e-01
6.177195707902971566e-01
6.177195982891818815e-01
6.177196275939090819e-01
6.177196349574569645e-01
6.177196565413380913e-01
6.177196723177273974e-01
6.177196747158018031e-01
6.177196830210966993e-01
6.177197132520197975e-01
6.177197289249839462e-01
6.177197671530416656e-01
6.177198053810917244e-01
6.177198436091341227e-01
6.177198818371688605e-01
6.177199200651959377e-01
6.177199582932153543e-01
6.177199965212272215e-01
6.177200347492314281e-01
6.177200729772278631e-01
