6.259563539790804487e-01
6.259563913838116500e-01
6.259564287885353018e-01
6.259564661932515151e-01
6.259565035979602898e-01
6.259565410026615151e-01
6.259565784073553019e-01
6.259566158120415391e-01
6.259566444772923788e-01
6.259566522400937805e-01
6.259566494213457677e-01
6.259566468218985547e-01
6.259566842265593678e-01
6.259567216312126314e-01
6.259567590358583455e-01
6.259567964404966212e-01
6.259568338451274583e-01
6.259568712497507459e-01
6.259569086543667060e-01
6.259569460589750056e-01
6.259569834635758667e-01
6.259570208681692893e-01
6.259570582727552734e-01
6.259570956773337080e-01
6.259571330819047041e-01
6.259571704864681507e-01
6.259572078910241588e-01
6.259572452955727284e-01
6.259572827001137485e-01
6.259573201046473301e-01
6.259573575091733622e-01
6.259573949136919557e-01
6.259574039220228148e-01
6.259574371761259526e-01
6.259574446806817072e-01
6.259574615762734107e-01
6.259574870095095944e-01
6.259575106144084078e-01
6.259575480188855900e-01
6.259575854233552228e-01
6.259576228278173060e-01
6.259576602322719507e-01
6.259576976367191570e-01
6.259577350411589247e-01
6.259577724455911429e-01
6.259578098500158116e-01
6.259578472544331529e-01
6.259578846588428336e-01
6.259579220632451868e-01
6.259579594676399905e-01
6.259579968720273557e-01
6.259580342764071714e-01
6.259580716807795486e-01
6.259581090851444873e-01
6.259581464895018765e-01
6.259581838938518272e-01
6.259582212981942284e-01
6.259582587025291911e-01
6.259582961068567153e-01
6.259583335111766900e-01
6.259583709154892261e-01
6.259584083197942128e-01
6.259584457240918720e-01
6.259584831283818707e-01
6.259585205326645418e-01
6.259585315772009384e-01
6.259585383147033832e-01
6.259585578918444027e-01
6.259585911657659096e-01
6.259585849545999947e-01
6.259585794690013527e-01
6.259586111802496466e-01
6.259586433338488742e-01
6.259586737505948850e-01
6.259587046623236173e-01
6.259587083960360676e-01
6.259587132538104726e-01
6.259587401592514588e-01
6.259587675884976665e-01
6.259587734938859560e-01
6.259587878817451934e-01
6.259588132057114507e-01
6.259588471888353212e-01
6.259588674050129420e-01
6.259589048091823704e-01
6.259589422133442493e-01
6.259589796174985787e-01
6.259590170216455807e-01
6.259590544257849221e-01
6.259590918299169360e-01
6.259591292340414004e-01
6.259591666381584263e-01
6.259592040422679027e-01
6.259592414463699406e-01
6.259592788504645400e-01
6.259593162545515899e-01
6.259593536586312013e-01
6.259593910627033742e-01
6.259594284667679975e-01
6.259594658708250714e-01
