7.201477247281379279e-01
7.201477527136397327e-01
7.201477806991358754e-01
7.201478086846264670e-01
7.201478366701115075e-01
7.201478646555908858e-01
7.201478926410647130e-01
7.201479206265328781e-01
7.201479486119954920e-01
7.201479765974525549e-01
7.201480045829039556e-01
7.201480325683496941e-01
7.201480605537899926e-01
7.201480885392245179e-01
7.201481165246536031e-01
7.201481445100770262e-01
7.201481724954948982e-01
7.201482004809071080e-01
7.201482284663137667e-01
7.201482564517147633e-01
7.201482844371102088e-01
7.201483124224999921e-01
7.201483404078842243e-01
7.201483683932629054e-01
7.201483963786359244e-01
7.201484243640033922e-01
7.201484523493653089e-01
7.201484803347215635e-01
7.201485083200721560e-01
7.201485363054173083e-01
7.201485642907566875e-01
7.201485922760906266e-01
7.201486202614189036e-01
7.201486482467415184e-01
7.201486762320586932e-01
7.201487042173700948e-01
7.201487322026760562e-01
7.201487601879763556e-01
7.201487881732709928e-01
7.201488161585600789e-01
7.201488441438436139e-01
7.201488721291214867e-01
7.201489001143938085e-01
7.201489280996604680e-01
7.201489560849215765e-01
7.201489840701771339e-01
7.201490120554270291e-01
7.201490400406713732e-01
7.201490680259100552e-01
7.201490960111431860e-01
7.201491239963707658e-01
7.201491519815926834e-01
7.201491799668089389e-01
7.201492079520197542e-01
7.201492359372249075e-01
7.201492639224243986e-01
7.201492919076183385e-01
7.201493198928067274e-01
7.201493478779894541e-01
7.201493758631666298e-01
7.201494038483381432e-01
7.201494318335041056e-01
7.201494598186645169e-01
7.201494878038192660e-01
7.201495157889683529e-01
7.201495437741119998e-01
7.201495717592499846e-01
7.201495997443823072e-01
7.201496277295090787e-01
7.201496557146302990e-01
7.201496836997458573e-01
7.201497116848558644e-01
7.201497396699602094e-01
7.201497676550590032e-01
7.201497956401522460e-01
7.201498236252398266e-01
7.201498516103218561e-01
7.201498795953982235e-01
7.201499075804690397e-01
7.201499355655343049e-01
7.201499635505939079e-01
7.201499915356478487e-01
7.201500195206963495e-01
7.201500475057391881e-01
7.201500754907763646e-01
7.201501034758079900e-01
7.201501314608340643e-01
7.201501594458544764e-01
7.201501874308693374e-01
7.201502154158785363e-01
7.201502434008821840e-01
7.201502713858802807e-01
7.201502993708727152e-01
7.201503273558595986e-01
7.201503553408408198e-01
7.201503833258164899e-01
7.201504113107864979e-01
7.201504392957509548e-01
7.201504672807098606e-01
7.201504952656631042e-01
