6.066216514392411829e-01
6.066216907774616418e-01
6.066217301156741071e-01
6.066217694538786898e-01
6.066218087920755009e-01
6.066218481302644294e-01
6.066218874684454754e-01
6.066219268066186388e-01
6.066219661447839195e-01
6.066220054829413177e-01
6.066220448210908334e-01
6.066220841592325774e-01
6.066221234973664389e-01
6.066221628354923068e-01
6.066222021736104031e-01
6.066222415117206168e-01
6.066222808498230590e-01
6.066223201879175075e-01
6.066223595260041845e-01
6.066223947959140661e-01
6.066223856670693859e-01
6.066224225618319643e-01
6.066224317008624967e-01
6.066224642051990523e-01
6.066224979127445849e-01
6.066225202807203898e-01
6.066225430350673520e-01
6.066225767602301255e-01
6.066225750799244532e-01
6.066225823311445220e-01
6.066226177268460029e-01
6.066226533902775442e-01
6.066226510903214297e-01
6.066226662902809430e-01
6.066226782477313062e-01
6.066227175857152876e-01
6.066227569236912753e-01
6.066227962616594915e-01
6.066228355996198252e-01
6.066228749375722762e-01
6.066229142755169557e-01
6.066229536134536415e-01
6.066229929513825558e-01
6.066230322893034765e-01
6.066230716272166257e-01
6.066231109651218922e-01
6.066231503030192762e-01
6.066231896409087776e-01
6.066232289787905074e-01
6.066232683166642436e-01
6.066233076545302083e-01
6.066233469923882904e-01
6.066233863302384899e-01
6.066234256680808068e-01
6.066234242458119486e-01
6.066234267626389176e-01
6.066234334269782202e-01
6.066234679359220339e-01
6.066234956736888950e-01
6.066235190418938217e-01
6.066235457648164742e-01
6.066235732709029937e-01
6.066236026671714132e-01
6.066236253579990745e-01
6.066236526845097954e-01
6.066236857841807995e-01
6.066237138353317571e-01
6.066237178647567729e-01
6.066237277723556254e-01
6.066237346194222058e-01
6.066237501526849929e-01
6.066237894904201733e-01
6.066238288281474711e-01
6.066238681658667753e-01
6.066239075035783079e-01
6.066239468412820690e-01
6.066239861789778365e-01
6.066240255166657214e-01
6.066240648543458347e-01
6.066241041920179544e-01
6.066241435296823026e-01
6.066241828673387682e-01
6.066242222049873511e-01
6.066242151882452749e-01
6.066242199631054488e-01
6.066242457111403752e-01
6.066242754824218153e-01
6.066242819398416364e-01
6.066243082105085005e-01
6.066243187873668896e-01
6.066243408239527790e-01
6.066243501871776411e-01
6.066243818943038990e-01
6.066243575364602680e-01
6.066243844243386363e-01
6.066243946797399422e-01
6.066243940445547045e-01
6.066244157284121918e-01
6.066244385168747533e-01
6.066244723201623668e-01
