6.085887669711923520e-01
6.085888061126992765e-01
6.085888384060109679e-01
6.085888775475029044e-01
6.085889166889869584e-01
6.085889558304632407e-01
6.085889949719316405e-01
6.085890341133922687e-01
6.085890732548450144e-01
6.085891123962899885e-01
6.085891314383710116e-01
6.085891705798023299e-01
6.085892097212257656e-01
6.085892488626414298e-01
6.085892804704294834e-01
6.085893196118302706e-01
6.085893387077822014e-01
6.085893778491693329e-01
6.085894110189635775e-01
6.085893887021610604e-01
6.085894278435314275e-01
6.085894492760611785e-01
6.085894884174176678e-01
6.085895275587662745e-01
6.085895667001071097e-01
6.085896058414400622e-01
6.085896408263639090e-01
6.085896799676816515e-01
6.085897191089915115e-01
6.085897582502935999e-01
6.085897933831101447e-01
6.085898037354087187e-01
6.085898370739387664e-01
6.085898491062063931e-01
6.085898299867458228e-01
6.085898426139899620e-01
6.085898493071937310e-01
6.085898286760550446e-01
6.085898040001549436e-01
6.085898120968824543e-01
6.085898336064515801e-01
6.085898640561616668e-01
6.085899031973983631e-01
6.085898722623619417e-01
6.085898912345665268e-01
6.085899126251925750e-01
6.085899379968005007e-01
6.085899312727061083e-01
6.085899278571468285e-01
6.085899280226600983e-01
6.085899402359974397e-01
6.085899793771913924e-01
6.085900185183773514e-01
6.085900493790638022e-01
6.085900567947643003e-01
6.085900959359308304e-01
6.085901278520641222e-01
6.085901669932156643e-01
6.085901946383817096e-01
6.085902337795188188e-01
6.085902729206480455e-01
6.085903120617695006e-01
6.085903105639958177e-01
6.085902987885781767e-01
6.085903007408516308e-01
6.085903138244944666e-01
6.085903154226620648e-01
6.085902976335313408e-01
6.085902711743305105e-01
6.085902510153541334e-01
6.085902414609043465e-01
6.085902478588249842e-01
6.085902762337660477e-01
6.085902541714789393e-01
6.085902193662691140e-01
6.085901894670153744e-01
6.085902113679311221e-01
6.085901988291848586e-01
6.085902115910946097e-01
6.085902129497324786e-01
6.085902416211191879e-01
6.085902807621654809e-01
6.085902894262119611e-01
6.085903285672455976e-01
6.085903677082714625e-01
6.085903848418759976e-01
6.085904239828884288e-01
6.085904631238929774e-01
6.085905022648897544e-01
6.085905414058786489e-01
6.085905805468597718e-01
6.085906196878330121e-01
6.085906588287984809e-01
6.085906979697560670e-01
6.085907371107058816e-01
6.085907762516478137e-01
6.085908076717879700e-01
6.085908003284717926e-01
6.085908272360833760e-01
6.085907957578322591e-01
