6.127978378333583942e-01
6.127977765552037326e-01
6.127977152815207162e-01
6.127976540056202515e-01
6.127975927542584911e-01
6.127975314828418840e-01
6.127974702136672613e-01
6.127974089400454183e-01
6.127973476597469160e-01
6.127972863839199480e-01
6.127972251081051924e-01
6.127971638389917430e-01
6.127971025632016344e-01
6.127970412874236272e-01
6.127969800071986217e-01
6.127969187359045833e-01
6.127968574557040027e-01
6.127967961755158566e-01
6.127967348975694728e-01
6.127966736263245062e-01
6.127966123461729975e-01
6.127965510704931340e-01
6.127964897948253720e-01
6.127964285147107226e-01
6.127963672368379466e-01
6.127963059567477222e-01
6.127962446766698212e-01
6.127961834055227763e-01
6.127961221276990722e-01
6.127960608588063351e-01
6.127959995787773950e-01
6.127959382987606674e-01
6.127958770209860351e-01
6.127958157521422589e-01
6.127957544721623906e-01
6.127956931921947348e-01
6.127956319166986132e-01
6.127955706389851542e-01
6.127955093590543578e-01
6.127954480880544175e-01
6.127953868148370287e-01
6.127953255349428696e-01
6.127952642617500167e-01
6.127952029952583590e-01
6.127951417176307203e-01
6.127950804377856331e-01
6.127950191601825303e-01
6.127949578915102835e-01
6.127948966206206993e-01
6.127948353408245730e-01
6.127947740655000919e-01
6.127947127857285015e-01
6.127946515081988954e-01
6.127945902306816128e-01
6.127945289598655254e-01
6.127944676846022176e-01
6.127944064071216834e-01
6.127943451363423444e-01
6.127942838566565742e-01
6.127942225836719992e-01
6.127941613040107649e-01
6.127941000243617431e-01
6.127940387447250448e-01
6.127939774651005589e-01
6.127939161854882855e-01
6.127938549058883355e-01
6.127937936263005980e-01
6.127937323467251840e-01
6.127936710671619824e-01
6.127936097876109933e-01
6.127935485080723277e-01
6.127934872285458745e-01
6.127934259490317448e-01
6.127933646695298275e-01
6.127933033900401227e-01
6.127932421105627414e-01
6.127931808310975725e-01
6.127931195516447271e-01
6.127930582722040942e-01
6.127929969927756737e-01
6.127929357133595767e-01
6.127928744339556921e-01
6.127928131545640200e-01
6.127927518751846714e-01
6.127926905980471961e-01
6.127926293186923834e-01
6.127925680393497831e-01
6.127925067600195064e-01
6.127924454807013310e-01
6.127923842013955902e-01
6.127923229221019508e-01
6.127922616428206348e-01
6.127922003635516424e-01
6.127921390842947513e-01
6.127920778050502948e-01
6.127920165258179397e-01
6.127919552465979081e-01
6.127918939673901999e-01
6.127918326881945932e-01
6.127917714090113099e-01
