7.029211594481787895e-01
7.029211891563540426e-01
7.029212188645233006e-01
7.029212485726865633e-01
7.029212782808439419e-01
7.029213079889953253e-01
7.029213376971408245e-01
7.029213674052804395e-01
7.029213971134140593e-01
7.029214268215416839e-01
7.029214565296634243e-01
7.029214862377791695e-01
7.029215159458890305e-01
7.029215456539928963e-01
7.029215753620908780e-01
7.029216050701828644e-01
7.029216347782689667e-01
7.029216644863490737e-01
7.029216941944232966e-01
7.029217239024915242e-01
7.029217536105537567e-01
7.029217833186102160e-01
7.029218130266605691e-01
7.029218427347050380e-01
7.029218724427436227e-01
7.029219021507762122e-01
7.029219318588028065e-01
7.029219615668235166e-01
7.029219912748383425e-01
7.029220209828471733e-01
7.029220506908500088e-01
7.029220803988469601e-01
7.029221101068380273e-01
7.029221398148230993e-01
7.029221695228021760e-01
7.029221992307753686e-01
7.029222289387425660e-01
7.029222586467038791e-01
7.029222883546591971e-01
7.029223180626086309e-01
7.029223477705520695e-01
7.029223774784896239e-01
7.029224071864212942e-01
7.029224368943468582e-01
7.029224666022665380e-01
7.029224963101803336e-01
7.029225260180881341e-01
7.029225557259900503e-01
7.029225854338859714e-01
7.029226151417760082e-01
7.029226448496600499e-01
7.029226745575382074e-01
7.029227042654103697e-01
7.029227339732765367e-01
7.029227636811368196e-01
7.029227933889912183e-01
7.029228230968396218e-01
7.029228528046820301e-01
7.029228825125185542e-01
7.029229122203491942e-01
7.029229419281738389e-01
7.029229716359924884e-01
7.029230013438052538e-01
7.029230310516120239e-01
7.029230607594129099e-01
7.029230904672079117e-01
7.029231201749968072e-01
7.029231498827799296e-01
7.029231795905570568e-01
7.029232092983281888e-01
7.029232390060934366e-01
7.029232687138526892e-01
7.029232984216060576e-01
7.029233281293534308e-01
7.029233578370949198e-01
7.029233875448304136e-01
7.029234172525599122e-01
7.029234469602836377e-01
7.029234766680012569e-01
7.029235063757129920e-01
7.029235360834188429e-01
7.029235657911186985e-01
7.029235954988126700e-01
7.029236252065006463e-01
7.029236549141826274e-01
7.029236846218587242e-01
7.029237143295289370e-01
7.029237440371931545e-01
7.029237737448513768e-01
7.029238034525037149e-01
7.029238331601501688e-01
7.029238628677905165e-01
7.029238925754250911e-01
7.029239222830536704e-01
7.029239519906762546e-01
7.029239816982929545e-01
7.029240114059036593e-01
7.029240411135084798e-01
7.029240708211073052e-01
7.029241005287002464e-01
