6.242362843438945541e-01
6.242363219206343850e-01
6.242363594973666663e-01
6.242363970740915091e-01
6.242364346508088024e-01
6.242364722275185462e-01
6.242365098042207405e-01
6.242365473809154963e-01
6.242365849576027026e-01
6.242366225342823594e-01
6.242366601109545776e-01
6.242366976876192464e-01
6.242367352642763656e-01
6.242367728409260463e-01
6.242368104175681776e-01
6.242368479942027593e-01
6.242368855708297914e-01
6.242369231474493851e-01
6.242369607240614293e-01
6.242369983006660350e-01
6.242370358772629801e-01
6.242370734538524868e-01
6.242371110304345549e-01
6.242371486070089626e-01
6.242371616796328349e-01
6.242371786420071178e-01
6.242372124741752959e-01
6.242372396007747071e-01
6.242372771773175844e-01
6.242373147538528011e-01
6.242373523303806904e-01
6.242373899069009191e-01
6.242374274834137093e-01
6.242374650599189501e-01
6.242375026364167523e-01
6.242375402129068940e-01
6.242375777893895972e-01
6.242376153658648619e-01
6.242376529423324660e-01
6.242376905187926317e-01
6.242377280952453589e-01
6.242377656716904255e-01
6.242378032481280536e-01
6.242378408245582433e-01
6.242378784009807724e-01
6.242379159773958630e-01
6.242379535538034041e-01
6.242379911302033957e-01
6.242380287065959488e-01
6.242380662829809523e-01
6.242381038593585174e-01
6.242381414357284219e-01
6.242381790120908880e-01
6.242382165884459155e-01
6.242382541647932825e-01
6.242382917411332111e-01
6.242383293174655901e-01
6.242383668937905306e-01
6.242384044701079215e-01
6.242384420464177630e-01
6.242384796227200550e-01
6.242385171990149084e-01
6.242385547753022124e-01
6.242385923515820778e-01
6.242386299278542827e-01
6.242386675041190491e-01
6.242387050803763771e-01
6.242387426566260444e-01
6.242387802328682733e-01
6.242388178091029527e-01
6.242388553853301936e-01
6.242388929615498849e-01
6.242389305377620268e-01
6.242389681139666191e-01
6.242390056901637729e-01
6.242390432663533772e-01
6.242390808425355431e-01
6.242391184187100484e-01
6.242391559948771151e-01
6.242391935710367434e-01
6.242392311471887112e-01
6.242392687233332405e-01
6.242393062994703312e-01
6.242393438755997614e-01
6.242393814517217532e-01
6.242394190278361954e-01
6.242394566039431991e-01
6.242394941800425423e-01
6.242395317561345580e-01
6.242395693322189132e-01
6.242396069082958299e-01
6.242396444843651970e-01
6.242396820604270147e-01
6.242397196364813938e-01
6.242397572125282235e-01
6.242397947885675036e-01
6.242398323645992342e-01
6.242398699406235263e-01
6.242399075166402689e-01
6.242399450926495730e-01
