6.420278561245792437e-01
6.420278639860134140e-01
6.420278997835742185e-01
6.420279355811279176e-01
6.420279713786744002e-01
6.420280071762137775e-01
6.420280429737459382e-01
6.420280787712709936e-01
6.420281145687888325e-01
6.420281503662995659e-01
6.420281861638031939e-01
6.420282219612996055e-01
6.420282577587888007e-01
6.420282935562708904e-01
6.420283293537457636e-01
6.420283651512135314e-01
6.420283740025807262e-01
6.420284012358239423e-01
6.420284272353220523e-01
6.420284506700260074e-01
6.420284618928014941e-01
6.420284812626971815e-01
6.420284919544869684e-01
6.420285177587174985e-01
6.420285535561341961e-01
6.420285893535437882e-01
6.420286251509461639e-01
6.420286609483414342e-01
6.420286967457294880e-01
6.420287191922658954e-01
6.420287501635751903e-01
6.420287790619605417e-01
6.420288052259662814e-01
6.420288137956704499e-01
6.420288437275267768e-01
6.420288744534998759e-01
6.420288972354243340e-01
6.420288737626769215e-01
6.420289004257219156e-01
6.420289129588269139e-01
6.420289255294766573e-01
6.420289510914382047e-01
6.420289660244229424e-01
6.420290018217268413e-01
6.420290376190235238e-01
6.420290734163131008e-01
6.420291092135954614e-01
6.420291450108707165e-01
6.420291808081387552e-01
6.420292166053996885e-01
6.420292524026534053e-01
6.420292881999000167e-01
6.420293239971394117e-01
6.420293597943717012e-01
6.420293955915967743e-01
6.420294313888147419e-01
6.420294671860254931e-01
6.420295029832291389e-01
6.420295387804255682e-01
6.420295745776148921e-01
6.420296103747971106e-01
6.420296461719721126e-01
6.420296787541718286e-01
6.420297076567522687e-01
6.420297322104381310e-01
6.420297651540100015e-01
6.420297953738490770e-01
6.420298245830406980e-01
6.420298501216893383e-01
6.420298610880112999e-01
6.420298602085521278e-01
6.420298916999596095e-01
6.420299216794669306e-01
6.420299540510270297e-01
6.420299881666400310e-01
6.420300119352252421e-01
6.420300427998795190e-01
6.420300738988835576e-01
6.420300930307099030e-01
6.420301164976474073e-01
6.420301189244902451e-01
6.420301421395426811e-01
6.420301572522612021e-01
6.420301576143273570e-01
6.420301701416182283e-01
6.420301900800560180e-01
6.420302013485785775e-01
6.420302187891964163e-01
6.420302492523531912e-01
6.420302775568660358e-01
6.420303008638718056e-01
6.420303237469051627e-01
6.420303322982592320e-01
6.420303384854049167e-01
6.420303599926445726e-01
6.420303677611386428e-01
6.420303836015984755e-01
6.420303991263479615e-01
6.420304215857007835e-01
6.420304364170766886e-01
