6.276258732626905923e-01
6.276259049562962211e-01
6.276259149866690867e-01
6.276259260079757318e-01
6.276259305783427056e-01
6.276259678160996947e-01
6.276260050538491342e-01
6.276260422915912462e-01
6.276260795293259198e-01
6.276261074080827784e-01
6.276261217366508882e-01
6.276261589743664659e-01
6.276261962120744942e-01
6.276262334497751949e-01
6.276262706874683461e-01
6.276263079251540589e-01
6.276263451628323331e-01
6.276263824005031688e-01
6.276264196381665661e-01
6.276264568758225249e-01
6.276264941134709341e-01
6.276265313511120159e-01
6.276265685887456591e-01
6.276266058263717529e-01
6.276266430639904081e-01
6.276266803016017359e-01
6.276267175392055142e-01
6.276267547768018540e-01
6.276267920143907553e-01
6.276268292519722181e-01
6.276268664895462424e-01
6.276269037271128282e-01
6.276269409646719755e-01
6.276269782022235733e-01
6.276270154397678436e-01
6.276270526773045644e-01
6.276270899148339577e-01
6.276271271523558015e-01
6.276271643898702068e-01
6.276272016273772847e-01
6.276272388648768130e-01
6.276272761023689029e-01
6.276273133398535542e-01
6.276273505773306560e-01
6.276273878148004304e-01
6.276274250522627662e-01
6.276274622897176636e-01
6.276274995271650115e-01
6.276275367646049208e-01
6.276275740020375027e-01
6.276276112394625351e-01
6.276276484768801289e-01
6.276276857142902843e-01
6.276277229516930012e-01
6.276277601890882796e-01
6.276277850487620436e-01
6.276278019475081127e-01
6.276278147967968568e-01
6.276278495588762940e-01
6.276278833713203609e-01
6.276278842402626124e-01
6.276278939402770707e-01
6.276279064096990101e-01
6.276279252295793309e-01
6.276279255534588097e-01
6.276279479737837397e-01
6.276279478424027225e-01
6.276279671140876371e-01
6.276279656582325339e-01
6.276279834255268364e-01
6.276279741007489976e-01
6.276279799277677540e-01
6.276279846321288769e-01
6.276279804860280809e-01
6.276279740877320767e-01
6.276279987301878194e-01
6.276279760662094587e-01
6.276279901857958476e-01
6.276279817048938670e-01
6.276279566979906521e-01
6.276279317793278523e-01
6.276279309345557111e-01
6.276279164789970721e-01
6.276279207512560632e-01
6.276279399528231773e-01
6.276279511797195898e-01
6.276279477851929300e-01
6.276279519970590082e-01
6.276279892343047395e-01
6.276280264715430324e-01
6.276280637087738867e-01
6.276281009459973026e-01
6.276281381832132800e-01
6.276281754204218188e-01
6.276282126576229192e-01
6.276282498948165811e-01
6.276282871320026935e-01
6.276283243691814784e-01
6.276283616063527138e-01
6.276283988435166217e-01
