4.485194703428864726e-01 5.514805296572579119e-01
4.485194254904998901e-01 5.514805745096444944e-01
4.485193806381223003e-01 5.514806193620220842e-01
4.485193357857536478e-01 5.514806642143906812e-01
4.485192909333939326e-01 5.514807090667503964e-01
4.485192460810432658e-01 5.514807539191011188e-01
4.485192012287015362e-01 5.514807987714428483e-01
4.485191563763687439e-01 5.514808436237755851e-01
4.485191115240449444e-01 5.514808884760994401e-01
4.485190666717301378e-01 5.514809333284141912e-01
4.485190218194242684e-01 5.514809781807200606e-01
4.485189769671273918e-01 5.514810230330169372e-01
4.485189321148395081e-01 5.514810678853048209e-01
4.485188872625605616e-01 5.514811127375838229e-01
4.485188424102905524e-01 5.514811575898538321e-01
4.485187975580295916e-01 5.514812024421147374e-01
4.485187527057775680e-01 5.514812472943667609e-01
4.485187078535344818e-01 5.514812921466099027e-01
4.485186630013003883e-01 5.514813369988439407e-01
4.485186181490752877e-01 5.514813818510690968e-01
4.485185732968591243e-01 5.514814267032852602e-01
4.485185284446519538e-01 5.514814715554924307e-01
4.485184835924537761e-01 5.514815164076906084e-01
4.485184387402645356e-01 5.514815612598797934e-01
4.485183938880842325e-01 5.514816061120600965e-01
4.485183490359129777e-01 5.514816509642314069e-01
4.485183041837506046e-01 5.514816958163937244e-01
4.485182593315972799e-01 5.514817406685470491e-01
4.485182144794528925e-01 5.514817855206914921e-01
4.485181696273174978e-01 5.514818303728268312e-01
4.485181247751910405e-01 5.514818752249532885e-01
4.485180799230735760e-01 5.514819200770707530e-01
4.485180350709650487e-01 5.514819649291793358e-01
4.485179902188655143e-01 5.514820097812788147e-01
4.485179453667749727e-01 5.514820546333694118e-01
4.485179005146933684e-01 5.514820994854510161e-01
4.485178556626207569e-01 5.514821443375236276e-01
4.485178108105571382e-01 5.514821891895872463e-01
4.485177659585024568e-01 5.514822340416418722e-01
4.485177211064567127e-01 5.514822788936876163e-01
4.485176762544199613e-01 5.514823237457243676e-01
4.485176314023922028e-01 5.514823685977521261e-01
4.485175865503734371e-01 5.514824134497708918e-01
4.485175416983636087e-01 5.514824583017807758e-01
4.485174968463627176e-01 5.514825031537816669e-01
4.485174519943708749e-01 5.514825480057734541e-01
4.485174071423879694e-01 5.514825928577563596e-01
4.485173622904140012e-01 5.514826377097303833e-01
4.485173174384490258e-01 5.514826825616953032e-01
4.485172725864930432e-01 5.514827274136513413e-01
4.485172277345459979e-01 5.514827722655983866e-01
4.485171828826079454e-01 5.514828171175364391e-01
4.485171380306788302e-01 5.514828619694654988e-01
4.485170931787587079e-01 5.514829068213856766e-01
4.485170483268475783e-01 5.514829516732967507e-01
4.485170034749453860e-01 5.514829965251989430e-01
4.485169586230521865e-01 5.514830413770921425e-01
4.485169137711679244e-01 5.514830862289764601e-01
4.485168689192926550e-01 5.514831310808516740e-01
4.485168240674263784e-01 5.514831759327180061e-01
4.485167792155690392e-01 5.514832207845753453e-01
4.485167343637206927e-01 5.514832656364236918e-01
4.485166895118812835e-01 5.514833104882630455e-01
4.485166446600508672e-01 5.514833553400935173e-01
4.485165998082294436e-01 5.514834001919148854e-01
4.485165549564169574e-01 5.514834450437273716e-01
4.485165101046134084e-01 5.514834898955309761e-01
4.485164652528189078e-01 5.514835347473254767e-01
4.485164204010333444e-01 5.514835795991109846e-01
4.485163755492567184e-01 5.514836244508876106e-01
4.485163306974890851e-01 5.514836693026552439e-01
4.485162858457304447e-01 5.514837141544138843e-01
4.485162409939807970e-01 5.514837590061635320e-01
4.485161961422400312e-01 5.514838038579042978e-01
4.485161512905083137e-01 5.514838487096360709e-01
4.485161064387855334e-01 5.514838935613588511e-01
4.485160615870717460e-01 5.514839384130726385e-01
4.485160167353668959e-01 5.514839832647774331e-01
4.485159718836710385e-01 5.514840281164733460e-01
4.485159270319841740e-01 5.514840729681601550e-01
4.485158821803062468e-01 5.514841178198380822e-01
4.485158373286372568e-01 5.514841626715071277e-01
4.485157924769773152e-01 5.514842075231670693e-01
4.485157476253263109e-01 5.514842523748180181e-01
4.485157027736842439e-01 5.514842972264600851e-01
4.485156579220511697e-01 5.514843420780931593e-01
4.485156130704270883e-01 5.514843869297172407e-01
4.485155682188119441e-01 5.514844317813324404e-01
4.485155233672057928e-01 5.514844766329385362e-01
4.485154785156085788e-01 5.514845214845357502e-01
4.485154336640203576e-01 5.514845663361239714e-01
4.485153888124411292e-01 5.514846111877031998e-01
4.485153439608708381e-01 5.514846560392735464e-01
4.485152991093095398e-01 5.514847008908347892e-01
4.485152542577572343e-01 5.514847457423871502e-01
4.485152094062138661e-01 5.514847905939305184e-01
4.485151645546794352e-01 5.514848354454648938e-01
4.485151197031540526e-01 5.514848802969902763e-01
4.485150748516375518e-01 5.514849251485067771e-01
4.485150300001300994e-01 5.514849700000142851e-01
