4.115886458389887426e-01
4.115886046797208042e-01
4.115885635204610815e-01
4.115885223612095745e-01
4.115884812019663386e-01
4.115884400427313183e-01
4.115883988835045693e-01
4.115883577242859803e-01
4.115883165650756625e-01
4.115882754058735604e-01
4.115882342466797295e-01
4.115881930874941141e-01
4.115881519283167145e-01
4.115881107691475305e-01
4.115880696099866176e-01
4.115880284508339204e-01
4.115879872916894389e-01
4.115879461325532285e-01
4.115879049734252337e-01
4.115878638143054546e-01
4.115878226551938912e-01
4.115877814960905989e-01
4.115877403369955223e-01
4.115876991779086613e-01
4.115876580188300715e-01
4.115876168597596974e-01
4.115875757006975388e-01
4.115875345416436515e-01
4.115874933825979243e-01
4.115874522235604682e-01
4.115874110645312833e-01
4.115873699055103141e-01
4.115873287464975050e-01
4.115872875874930226e-01
4.115872464284967003e-01
4.115872052695086492e-01
4.115871641105288137e-01
4.115871229515572494e-01
4.115870817925938452e-01
4.115870406336387122e-01
4.115869994746918503e-01
4.115869583157531486e-01
4.115869171568227181e-01
4.115868759979005032e-01
4.115868348389865594e-01
4.115867936800807758e-01
4.115867525211833189e-01
4.115867113622940221e-01
4.115866702034129410e-01
4.115866290445401310e-01
4.115865878856755922e-01
4.115865467268192135e-01
4.115865055679711060e-01
4.115864644091312141e-01
4.115864232502995379e-01
4.115863820914761328e-01
4.115863409326609434e-01
4.115862997738539697e-01
4.115862586150552671e-01
4.115862174562647802e-01
4.115861762974825089e-01
4.115861351387084532e-01
4.115860939799426688e-01
4.115860528211850999e-01
4.115860116624357468e-01
4.115859705036946647e-01
4.115859293449617429e-01
4.115858881862371477e-01
4.115858470275207126e-01
4.115858058688125487e-01
4.115857647101126005e-01
4.115857235514208678e-01
4.115856823927374064e-01
4.115856412340621606e-01
4.115856000753951305e-01
4.115855589167363160e-01
4.115855177580857727e-01
4.115854765994434450e-01
4.115854354408093330e-01
4.115853942821834921e-01
4.115853531235658669e-01
4.115853119649564573e-01
4.115852708063553189e-01
4.115852296477623407e-01
4.115851884891776891e-01
4.115851473306011976e-01
4.115851061720329773e-01
4.115850650134729727e-01
4.115850238549211837e-01
4.115849826963776104e-01
4.115849415378423082e-01
4.115849003793152217e-01
4.115848592207964063e-01
4.115848180622857511e-01
4.115847769037833670e-01
4.115847357452892541e-01
4.115846945868033013e-01
4.115846534283256197e-01
4.115846122698561538e-01
4.115845711113949035e-01
