3.121345701312465415e-02 9.687865430018209878e-01
3.121345389174836477e-02 9.687865461231972564e-01
3.121345077037269641e-02 9.687865492445729698e-01
3.121344764899765603e-02 9.687865523659480171e-01
3.121344452762323668e-02 9.687865554873223983e-01
3.121344140624944183e-02 9.687865586086962244e-01
3.121343828487627495e-02 9.687865617300693843e-01
3.121343516350372910e-02 9.687865648514418782e-01
3.121343204213180775e-02 9.687865679728138169e-01
3.121342892076051090e-02 9.687865710941850894e-01
3.121342579938983855e-02 9.687865742155558069e-01
3.121342267801979070e-02 9.687865773369258582e-01
3.121341955665036735e-02 9.687865804582952434e-01
3.121341643528156851e-02 9.687865835796640734e-01
3.121341331391339416e-02 9.687865867010322374e-01
3.121341019254584084e-02 9.687865898223998462e-01
3.121340707117891550e-02 9.687865929437666779e-01
3.121340394981261118e-02 9.687865960651330655e-01
3.121340082844693484e-02 9.687865991864986759e-01
3.121339770708187952e-02 9.687866023078637312e-01
3.121339658573325446e-02 9.687866034292124118e-01
3.121339746440044555e-02 9.687866025505452727e-01
3.121339434303666699e-02 9.687866056719091068e-01
3.121339122167350946e-02 9.687866087932722747e-01
3.121338810031097644e-02 9.687866119146347765e-01
3.121338497894906791e-02 9.687866150359967232e-01
3.121338185758778389e-02 9.687866181573580038e-01
3.121337873622712436e-02 9.687866212787186182e-01
3.121337561486708934e-02 9.687866244000786775e-01
3.121337249350767881e-02 9.687866275214380707e-01
3.121336937214889279e-02 9.687866306427969088e-01
3.121336625079072780e-02 9.687866337641549697e-01
3.121336312943319077e-02 9.687866368855125865e-01
3.121336000807627825e-02 9.687866400068694261e-01
3.121335688671998676e-02 9.687866431282257107e-01
3.121335376536432324e-02 9.687866462495814401e-01
3.121335064400928075e-02 9.687866493709365034e-01
3.121334752265486623e-02 9.687866524922909006e-01
3.121334440130107274e-02 9.687866556136446317e-01
3.121334127994790375e-02 9.687866587349978076e-01
3.121333815859535926e-02 9.687866618563503174e-01
3.121333503724343927e-02 9.687866649777022721e-01
3.121333191589214379e-02 9.687866680990535606e-01
3.121332879454147280e-02 9.687866712204042940e-01
3.121332567319142631e-02 9.687866743417542503e-01
3.121332255184200433e-02 9.687866774631037625e-01
3.121331943049320684e-02 9.687866805844524976e-01
3.121331630914503039e-02 9.687866837058006775e-01
3.121331318779748190e-02 9.687866868271481913e-01
3.121331006645055792e-02 9.687866899484951499e-01
3.121330694510425496e-02 9.687866930698414425e-01
3.121330382375857651e-02 9.687866961911871799e-01
3.121330070241352603e-02 9.687866993125321402e-01
3.121329758106909658e-02 9.687867024338766564e-01
3.121329445972529162e-02 9.687867055552203954e-01
3.121329133838211464e-02 9.687867086765635793e-01
3.121328821703955869e-02 9.687867117979060971e-01
3.121328509569762724e-02 9.687867149192480598e-01
3.121328197435632029e-02 9.687867180405893563e-01
3.121327885301563784e-02 9.687867211619300978e-01
3.121327573167557642e-02 9.687867242832701731e-01
3.121327261033614298e-02 9.687867274046095822e-01
3.121326948899733403e-02 9.687867305259483253e-01
3.121326636765914611e-02 9.687867336472865132e-01
3.121326324632158616e-02 9.687867367686241460e-01
3.121326012498465072e-02 9.687867398899610016e-01
3.121325700364833630e-02 9.687867430112973022e-01
3.121325388231264639e-02 9.687867461326330476e-01
3.121325076097758444e-02 9.687867492539681269e-01
3.121324763964314353e-02 9.687867523753025401e-01
3.121324451830932711e-02 9.687867554966363981e-01
3.121324139697613520e-02 9.687867586179695900e-01
3.121323827564356779e-02 9.687867617393021158e-01
3.121323515431162487e-02 9.687867648606340865e-01
3.121323203298030646e-02 9.687867679819653910e-01
3.121322891164961255e-02 9.687867711032960294e-01
3.121322579031954314e-02 9.687867742246261127e-01
3.121322266899009476e-02 9.687867773459555298e-01
3.121321954766127435e-02 9.687867804672843919e-01
3.121321642633307844e-02 9.687867835886125878e-01
3.121321330500550356e-02 9.687867867099401176e-01
3.121321218368215689e-02 9.687867878312635961e-01
3.121321306236243126e-02 9.687867869525833564e-01
3.121321994105212896e-02 9.687867800738937385e-01
3.121322481973745275e-02 9.687867751952083939e-01
3.121323169842460041e-02 9.687867683165212185e-01
3.121324257711557276e-02 9.687867574378302704e-01
3.121325145580196997e-02 9.687867485591439287e-01
3.121326033448659082e-02 9.687867396804593634e-01
3.121326321316343286e-02 9.687867368017825109e-01
3.121326409183790285e-02 9.687867359231080444e-01
3.121326497051219243e-02 9.687867350444339110e-01
3.121326784918771260e-02 9.687867321657582798e-01
3.121327272786385623e-02 9.687867272870821500e-01
3.121327760653902494e-02 9.687867224084070195e-01
3.121329048521640989e-02 9.687867095297295617e-01
3.121330336389122398e-02 9.687866966510547684e-01
3.121332224256466101e-02 9.687866777723812550e-01
3.121333912123412657e-02 9.687866608937119040e-01
3.121336199990021321e-02 9.687866380150458312e-01
