1.076643858763681912e-02
1.076643751098240939e-02
1.076643643432821477e-02
1.076643535767423526e-02
1.076643428102047086e-02
1.076643320436692329e-02
1.076643212771358910e-02
1.076643105106047174e-02
1.076642997440756949e-02
1.076642889775488235e-02
1.076642782110241031e-02
1.076642674445015338e-02
1.076642566779811155e-02
1.076642459114628657e-02
1.076642351449467495e-02
1.076642243784328018e-02
1.076642136119210051e-02
1.076642028454113595e-02
1.076641920789038649e-02
1.076641813123985214e-02
1.076641721785612932e-02
1.076641622283929997e-02
1.076641514618938665e-02
1.076641406953969017e-02
1.076641299289020706e-02
1.076641191624094079e-02
1.076641083959188963e-02
1.076640976294305357e-02
1.076640868629443436e-02
1.076640760964602851e-02
1.076640653299783951e-02
1.076640545634986387e-02
1.076640437970210508e-02
1.076640330305456139e-02
1.076640222640723281e-02
1.076640114976011933e-02
1.076640007311322096e-02
1.076639899646653943e-02
1.076639791982007127e-02
1.076639684317381995e-02
1.076639576652778374e-02
1.076639468988196263e-02
1.076639361323635663e-02
1.076639253659096573e-02
1.076639145994578994e-02
1.076639038330083099e-02
1.076638930665608715e-02
1.076638823001155668e-02
1.076638715336724304e-02
1.076638607672314452e-02
1.076638500007926109e-02
1.076638392343559278e-02
1.076638284679214130e-02
1.076638177014890320e-02
1.076638069350588194e-02
1.076637961686307578e-02
1.076637854022048472e-02
1.076637746357810878e-02
1.076637638693594794e-02
1.076637531029400220e-02
1.076637423365227157e-02
1.076637315701075778e-02
1.076637208036945910e-02
1.076637100372837379e-02
1.076636992708750531e-02
1.076636885044685195e-02
1.076636777380641542e-02
1.076636669716619227e-02
1.076636562052618422e-02
1.076636454388639301e-02
1.076636346724681691e-02
1.076636239060745417e-02
1.076636131396830828e-02
1.076636023732937750e-02
1.076635916069066355e-02
1.076635808405216298e-02
1.076635700741387751e-02
1.076635593077580888e-02
1.076635485413795536e-02
1.076635377750031521e-02
1.076635270086289189e-02
1.076635186912408386e-02
1.076635079248706647e-02
1.076634996074861579e-02
1.076634970043975972e-02
1.076634919523265441e-02
1.076634869002564797e-02
1.076634785828774026e-02
1.076634718981548527e-02
1.076634619481242443e-02
1.076634519980956134e-02
1.076634412317417980e-02
1.076634320980443538e-02
1.076634270459838130e-02
1.076634187286165494e-02
1.076634120439046508e-02
1.076634037265405443e-02
1.076634011234649420e-02
1.076634001530431088e-02
1.076633983662949115e-02
