6.942995098090792849e-01
6.942994404188523871e-01
6.942993711296503445e-01
6.942993018000578331e-01
6.942992324098724577e-01
6.942991629792966135e-01
6.942990942760139950e-01
6.942990249262747104e-01
6.942989565664572371e-01
6.942988872773521170e-01
6.942988293216950657e-01
6.942987599316055025e-01
6.942986908041584027e-01
6.942986229090589712e-01
6.942985537210327740e-01
6.942984859067693471e-01
6.942984174864539337e-01
6.942983480560428466e-01
6.942982786458478106e-01
6.942982135791357923e-01
6.942981448760444652e-01
6.942980755669013737e-01
6.942980082779898199e-01
6.942979406860591007e-01
6.942978713971595939e-01
6.942978019870608142e-01
6.942977326577847164e-01
6.942976635709483535e-01
6.942975946457431435e-01
6.942975253569128036e-01
6.942974568357783705e-01
6.942973874257627465e-01
6.942973181773782754e-01
6.942972491108270194e-01
6.942971850746252338e-01
6.942971157252709746e-01
6.942970464769412375e-01
6.942969772286254893e-01
6.942969134551043586e-01
6.942968441058050555e-01
6.942967747565195191e-01
6.942967388821894570e-01
6.942967199776604037e-01
6.942966684668918642e-01
6.942965991782580337e-01
6.942965299300424276e-01
6.942964608434575302e-01
6.942963955750881544e-01
6.942963282259132507e-01
6.942962705939720314e-01
6.942962036488654620e-01
6.942961562796237107e-01
6.942960953547722136e-01
6.942960261470665362e-01
6.942959682929612519e-01
6.942958988630588690e-01
6.942958298978189058e-01
6.942958321652150655e-01
6.942958627357572743e-01
6.942958933062932658e-01
6.942959238768231511e-01
6.942959544473469302e-01
6.942959850178646031e-01
6.942960155883761697e-01
6.942960461588815191e-01
6.942960767293808733e-01
6.942961072998741212e-01
6.942961378703611519e-01
6.942961684408421874e-01
6.942961990113170057e-01
6.942962295817858287e-01
6.942962601522484345e-01
6.942962907227049341e-01
6.942963212931553274e-01
6.942963518635997255e-01
6.942963824340379064e-01
6.942964130044699811e-01
6.942964435748958385e-01
6.942964741453157007e-01
6.942965047157294567e-01
6.942965352861371064e-01
6.942965658565385390e-01
6.942965964269339763e-01
6.942966269973231963e-01
6.942966575677064212e-01
6.942966881380834288e-01
6.942967187084543301e-01
6.942967492788191253e-01
6.942967798491778142e-01
6.942968104195303969e-01
6.942968409898768734e-01
6.942968715602172436e-01
6.942969021305515076e-01
6.942969327008796654e-01
6.942969632712016059e-01
6.942969938415175513e-01
6.942970244118273904e-01
6.942970549821310122e-01
6.942970855524285279e-01
6.942971161227200483e-01
