2.653660189236879408e-01 7.346339810764830336e-01
2.653660055869553891e-01 7.346339944132155297e-01
2.653659914502176642e-01 7.346340085499533101e-01
2.653659769134789626e-01 7.346340230866920118e-01
2.653659617767374912e-01 7.346340382234334276e-01
2.653659468400009214e-01 7.346340531601700530e-01
2.653659315032635968e-01 7.346340684969073775e-01
2.653659167665348706e-01 7.346340832336361037e-01
2.653659024298127278e-01 7.346340975703581355e-01
2.653658880930934161e-01 7.346341119070773917e-01
2.653658735563752535e-01 7.346341264437955543e-01
2.653658582196529725e-01 7.346341417805178908e-01
2.653658416829232647e-01 7.346341583172476541e-01
2.653658265462089383e-01 7.346341734539619805e-01
2.653658116094992914e-01 7.346341883906716275e-01
2.653657970727960613e-01 7.346342029273748020e-01
2.653657825360957179e-01 7.346342174640752010e-01
2.653657677993965791e-01 7.346342322007742842e-01
2.653657526626971852e-01 7.346342473374737336e-01
2.653657377260024153e-01 7.346342622741683925e-01
2.653657231893138402e-01 7.346342768108570231e-01
2.653657090526312379e-01 7.346342909475396254e-01
2.653656957159576391e-01 7.346343042842131688e-01
2.653656815792806434e-01 7.346343184208902199e-01
2.653656678426094540e-01 7.346343321575614649e-01
2.653656539059395802e-01 7.346343460942313941e-01
2.653656395692695069e-01 7.346343604309013564e-01
2.653656256326052398e-01 7.346343743675656235e-01
2.653656118959451526e-01 7.346343881042257662e-01
2.653655987592919985e-01 7.346344012408789759e-01
2.653655854226401045e-01 7.346344145775308698e-01
2.653655724859935727e-01 7.346344275141774016e-01
2.653655597493509988e-01 7.346344402508199201e-01
2.653655470127109228e-01 7.346344529874598850e-01
2.653655350760786846e-01 7.346344649240922342e-01
2.653655237394526023e-01 7.346344762607183165e-01
2.653655124028287404e-01 7.346344875973421784e-01
2.653655000662010210e-01 7.346344999339698978e-01
2.653654879295769820e-01 7.346345120705938259e-01
2.653654759929565676e-01 7.346345240072142957e-01
2.653654640563385958e-01 7.346345359438323230e-01
2.653654527197263913e-01 7.346345472804445276e-01
2.653654411831153359e-01 7.346345588170555274e-01
2.653654298465077388e-01 7.346345701536631800e-01
2.653654183099012909e-01 7.346345816902695169e-01
2.653654063732950319e-01 7.346345936268758869e-01
2.653653962367006347e-01 7.346346037634702286e-01
2.653653865001103784e-01 7.346346135000605404e-01
2.653653767635221206e-01 7.346346232366488538e-01
2.653653666269337186e-01 7.346346333732373113e-01
2.653653564903473705e-01 7.346346435098236594e-01
2.653653459537611559e-01 7.346346540464098185e-01
2.653653350171751857e-01 7.346346649829957887e-01
2.653653240805913249e-01 7.346346759195795384e-01
2.653653125440070260e-01 7.346346874561637819e-01
2.653653010074250029e-01 7.346346989927458049e-01
2.653652904708496130e-01 7.346347095293211948e-01
2.653652797342754277e-01 7.346347202658953801e-01
2.653652685977018200e-01 7.346347314024689323e-01
2.653652586611352504e-01 7.346347413390356129e-01
2.653652491245721556e-01 7.346347508755985967e-01
2.653652383880064636e-01 7.346347616121643442e-01
2.653652276514428809e-01 7.346347723487279824e-01
2.653652163148792487e-01 7.346347836852915592e-01
2.653652055783200514e-01 7.346347944218507564e-01
2.653651950417636463e-01 7.346348049584071616e-01
2.653651847052100332e-01 7.346348152949607746e-01
2.653651745686591013e-01 7.346348254315117066e-01
2.653651650321121047e-01 7.346348349680587031e-01
2.653651552955663684e-01 7.346348447046044949e-01
2.653651455590226305e-01 7.346348544411482884e-01
2.653651352224791204e-01 7.346348647776917984e-01
2.653651244859366320e-01 7.346348755142343423e-01
2.653651139493967692e-01 7.346348860507742051e-01
2.653651034128590713e-01 7.346348965873119585e-01
2.653650926763229112e-01 7.346349073238480631e-01
2.653650813397875896e-01 7.346349186603834402e-01
2.653650692032527014e-01 7.346349307969182174e-01
2.653650580667224479e-01 7.346349419334484709e-01
2.653650463301931439e-01 7.346349536699777749e-01
2.653650349936669262e-01 7.346349650065040482e-01
2.653650248571451931e-01 7.346349751430257813e-01
2.653650155206268013e-01 7.346349844795441175e-01
2.653650063841106466e-01 7.346349936160603278e-01
2.653649968475956800e-01 7.346350031525752389e-01
2.653649869110821236e-01 7.346350130890888508e-01
2.653649767745702714e-01 7.346350232256007029e-01
2.653649662380599406e-01 7.346350337621110338e-01
2.653649549015508202e-01 7.346350450986200986e-01
2.653649437650442144e-01 7.346350562351267044e-01
2.653649330285401398e-01 7.346350669716308346e-01
2.653649216920377363e-01 7.346350783081332381e-01
2.653649099555373536e-01 7.346350900446335652e-01
2.653648982190393579e-01 7.346351017811315609e-01
2.653648872825440375e-01 7.346351127176268259e-01
2.653648765460510095e-01 7.346351234541198538e-01
2.653648654095600024e-01 7.346351345906109165e-01
2.653648540730711991e-01 7.346351459270996642e-01
2.653648425365845998e-01 7.346351574635862081e-01
2.653648302001003767e-01 7.346351698000704866e-01
