1.027429634483965968e-04
1.027429531739995682e-04
1.027429428996045859e-04
1.027429326252116636e-04
1.027429247556532651e-04
1.027429176877071697e-04
1.027429074133198446e-04
1.027428979405451613e-04
1.027428924758248780e-04
1.027428822014431637e-04
1.027428727286738472e-04
1.027428624542961580e-04
1.027428521799205287e-04
1.027428563345287454e-04
1.027428476633758249e-04
1.027428373890047493e-04
1.027428271146357336e-04
1.027428176418785602e-04
1.027428105739523599e-04
1.027428035060275825e-04
1.027427964381042011e-04
1.027427877669633423e-04
1.027427798974336074e-04
1.027427712262961367e-04
1.027427641583788132e-04
1.027427538840263723e-04
1.027427444112850418e-04
1.027427341369366260e-04
1.027427270690258485e-04
1.027427208027253003e-04
1.027427137348172739e-04
1.027427050636933557e-04
1.027426963925711723e-04
1.027426965391441794e-04
1.027426878680245845e-04
1.027426864113817269e-04
1.027426793434813848e-04
1.027426690691497470e-04
1.027426611996444609e-04
1.027426549333567741e-04
1.027426454606386049e-04
1.027426448056087280e-04
1.027426433489712101e-04
1.027426330746493302e-04
1.027426268083675930e-04
1.027426173356569590e-04
1.027426190854526070e-04
1.027426096127446428e-04
1.027426073545042410e-04
1.027426002866209886e-04
1.027425940203462851e-04
1.027425893572869449e-04
1.027425798845866921e-04
1.027425696102814411e-04
1.027425601375850644e-04
1.027425514664973179e-04
1.027425452002312474e-04
1.027425421403927456e-04
1.027425326677029011e-04
1.027425280046534271e-04
1.027425241432112281e-04
1.027425146705260187e-04
1.027425043962365428e-04
1.027424949235552094e-04
1.027424942685418937e-04
1.027424863990753406e-04
1.027424825376396198e-04
1.027424754697815615e-04
1.027424748147704549e-04
1.027424669453089976e-04
1.027424598774546256e-04
1.027424536112071085e-04
1.027424457417501372e-04
1.027424362690841452e-04
1.027424340108669453e-04
1.027424277446245239e-04
1.027424198751732853e-04
1.027424104025136630e-04
1.027424025330657311e-04
1.027423946636193714e-04
1.027423859925698430e-04
1.027423829327545973e-04
1.027423814761490906e-04
1.027423744083124588e-04
1.027423649356640174e-04
1.027423554630174733e-04
1.027423483951855578e-04
1.027423397241467224e-04
1.027423310531096353e-04
1.027423255884903048e-04
1.027423201238720585e-04
1.027423122544433848e-04
1.027423027818087398e-04
1.027422949123833594e-04
1.027422894477703714e-04
1.027422807767443838e-04
1.027422729073235706e-04
1.027422642363009711e-04
1.027422547636768022e-04
1.027422476958641449e-04
