# k f_up f_allD C_global_avg
2.000000 0.403106 0.596894 0.393357
3.000000 0.347258 0.652742 0.310877
4.000000 0.165855 0.834145 0.131480
5.000000 0.082852 0.917148 0.053606
6.000000 0.048756 0.951244 0.024042
7.000000 0.041807 0.958193 0.017055
8.000000 0.034127 0.965873 0.011210
9.000000 0.031702 0.968298 0.009039
10.000000 0.030036 0.969964 0.007576
11.000000 0.029423 0.970577 0.006715
12.000000 0.027977 0.972023 0.005719
13.000000 0.028074 0.971926 0.005275
14.000000 0.027449 0.972551 0.004741
15.000000 0.026860 0.973140 0.004283
16.000000 0.027122 0.972878 0.004041
17.000000 0.026539 0.973461 0.003703
18.000000 0.026182 0.973818 0.003418
19.000000 0.026413 0.973587 0.003262
20.000000 0.026439 0.973561 0.003100
21.000000 0.026079 0.973921 0.002891
22.000000 0.025830 0.974170 0.002718
23.000000 0.025851 0.974149 0.002600
24.000000 0.025416 0.974584 0.002435
25.000000 0.026084 0.973916 0.002404
26.000000 0.024912 0.975088 0.002189
27.000000 0.025429 0.974571 0.002152
28.000000 0.025185 0.974815 0.002055
29.000000 0.025252 0.974748 0.001986
30.000000 0.025618 0.974382 0.001948
31.000000 0.025254 0.974746 0.001854
32.000000 0.025236 0.974764 0.001795
33.000000 0.025273 0.974727 0.001738
34.000000 0.025343 0.974657 0.001689
35.000000 0.025071 0.974929 0.001616
36.000000 0.025182 0.974818 0.001581
37.000000 0.024844 0.975156 0.001514
38.000000 0.024496 0.975504 0.001452
39.000000 0.025094 0.974906 0.001450
40.000000 0.025305 0.974695 0.001430
41.000000 0.024906 0.975094 0.001365
42.000000 0.024937 0.975063 0.001335
43.000000 0.025205 0.974795 0.001316
44.000000 0.025401 0.974599 0.001296
45.000000 0.024850 0.975150 0.001238
46.000000 0.025236 0.974764 0.001227
47.000000 0.024540 0.975460 0.001166
48.000000 0.024626 0.975374 0.001145
49.000000 0.024851 0.975149 0.001136
50.000000 0.024372 0.975628 0.001087
51.000000 0.024665 0.975335 0.001078
52.000000 0.024335 0.975665 0.001042
53.000000 0.024610 0.975390 0.001037
54.000000 0.024768 0.975232 0.001023
55.000000 0.024869 0.975131 0.001010
56.000000 0.024564 0.975436 0.000977
57.000000 0.024392 0.975608 0.000953
58.000000 0.024290 0.975710 0.000931
59.000000 0.024436 0.975564 0.000921
60.000000 0.025237 0.974763 0.000939
61.000000 0.024694 0.975306 0.000901
62.000000 0.024800 0.975200 0.000890
63.000000 0.024173 0.975827 0.000851
64.000000 0.024597 0.975403 0.000853
65.000000 0.025107 0.974893 0.000860
66.000000 0.024257 0.975743 0.000817
67.000000 0.024055 0.975945 0.000796
68.000000 0.024847 0.975153 0.000810
69.000000 0.024249 0.975751 0.000779
70.000000 0.024400 0.975600 0.000771
71.000000 0.024443 0.975557 0.000764
72.000000 0.025250 0.974750 0.000780
73.000000 0.024701 0.975299 0.000750
74.000000 0.024317 0.975683 0.000726
75.000000 0.024592 0.975408 0.000726
76.000000 0.024719 0.975281 0.000722
77.000000 0.024296 0.975704 0.000698
78.000000 0.025109 0.974891 0.000714
79.000000 0.024455 0.975545 0.000685
80.000000 0.024598 0.975402 0.000680
81.000000 0.025118 0.974882 0.000688
82.000000 0.024327 0.975673 0.000655
83.000000 0.023934 0.976066 0.000637
84.000000 0.024275 0.975725 0.000639
85.000000 0.024768 0.975232 0.000645
86.000000 0.024544 0.975456 0.000630
87.000000 0.024735 0.975265 0.000629
88.000000 0.024556 0.975444 0.000616
89.000000 0.024321 0.975679 0.000603
90.000000 0.024328 0.975672 0.000597
91.000000 0.024270 0.975730 0.000589
92.000000 0.024603 0.975397 0.000590
93.000000 0.024585 0.975415 0.000585
94.000000 0.024645 0.975355 0.000579
95.000000 0.023979 0.976021 0.000556
96.000000 0.024304 0.975696 0.000558
97.000000 0.024325 0.975675 0.000555
98.000000 0.024758 0.975242 0.000558
99.000000 0.024380 0.975620 0.000543
100.000000 0.024954 0.975046 0.000552
101.000000 0.025026 0.974974 0.000547
102.000000 0.024165 0.975835 0.000523
103.000000 0.024588 0.975412 0.000525
104.000000 0.024561 0.975439 0.000521
105.000000 0.024019 0.975981 0.000504
106.000000 0.024217 0.975783 0.000502
107.000000 0.024304 0.975696 0.000500
108.000000 0.024322 0.975678 0.000495
109.000000 0.024747 0.975253 0.000501
110.000000 0.024650 0.975350 0.000494
111.000000 0.024333 0.975667 0.000483
112.000000 0.024833 0.975167 0.000489
113.000000 0.024406 0.975594 0.000475
114.000000 0.024801 0.975199 0.000480
115.000000 0.024753 0.975247 0.000474
116.000000 0.024576 0.975424 0.000467
117.000000 0.024619 0.975381 0.000464
118.000000 0.024126 0.975874 0.000450
119.000000 0.024367 0.975633 0.000453
120.000000 0.024303 0.975697 0.000446
121.000000 0.024094 0.975906 0.000438
122.000000 0.024776 0.975224 0.000447
123.000000 0.024662 0.975338 0.000442
124.000000 0.024734 0.975266 0.000440
125.000000 0.024333 0.975667 0.000428
126.000000 0.024876 0.975124 0.000434
127.000000 0.024140 0.975860 0.000418
128.000000 0.024450 0.975550 0.000420
129.000000 0.024677 0.975323 0.000421
130.000000 0.024593 0.975407 0.000416
131.000000 0.024331 0.975669 0.000408
132.000000 0.024287 0.975713 0.000405
133.000000 0.024422 0.975578 0.000404
134.000000 0.023867 0.976133 0.000390
135.000000 0.023983 0.976017 0.000390
136.000000 0.024513 0.975487 0.000396
137.000000 0.024325 0.975675 0.000390
138.000000 0.024509 0.975491 0.000390
139.000000 0.024325 0.975675 0.000385
140.000000 0.023988 0.976012 0.000376
141.000000 0.024183 0.975817 0.000377
142.000000 0.024548 0.975452 0.000381
143.000000 0.024446 0.975554 0.000376
144.000000 0.024342 0.975658 0.000371
145.000000 0.024733 0.975267 0.000376
146.000000 0.024100 0.975900 0.000363
147.000000 0.024524 0.975476 0.000367
148.000000 0.024508 0.975492 0.000364
149.000000 0.025028 0.974972 0.000370
