6.171813558813806777e-01
6.171813941636202783e-01
6.171814324458522183e-01
6.171814707280764978e-01
6.171815090102931167e-01
6.171815472925020751e-01
6.171815855747033730e-01
6.171816238568970103e-01
6.171816621390829871e-01
6.171817004212613034e-01
6.171817387034319591e-01
6.171817769855949543e-01
6.171818152677502889e-01
6.171818535498979630e-01
6.171818918320380876e-01
6.171819301141704406e-01
6.171819683962951331e-01
6.171820066784122760e-01
6.171820449605216474e-01
6.171820832426234693e-01
6.171821215247175196e-01
6.171821598068040204e-01
6.171821980888827497e-01
6.171822363709539294e-01
6.171822746530173376e-01
6.171823129350731962e-01
6.171823512171213943e-01
6.171823894991618209e-01
6.171824277811946979e-01
6.171824660632199144e-01
6.171825043452374704e-01
6.171825426272473658e-01
6.171825809092496007e-01
6.171826191912441750e-01
6.171826574732310888e-01
6.171826482624157562e-01
6.171826610514280498e-01
6.171826993333993094e-01
6.171827376153627975e-01
6.171827758973187361e-01
6.171828141792670142e-01
6.171828524612076317e-01
6.171828907431405886e-01
6.171829290250658850e-01
6.171829673069836319e-01
6.171830055888936073e-01
6.171830438707959221e-01
6.171830821526905764e-01
6.171831128653900711e-01
6.171831511472701814e-01
6.171831894291426313e-01
6.171832277110074205e-01
6.171832659928646603e-01
6.171833042747141285e-01
6.171833425565559361e-01
6.171833808383900832e-01
6.171834191202166808e-01
6.171834574020355069e-01
6.171834956838467834e-01
6.171835339656502883e-01
6.171835722474462438e-01
6.171836105292344277e-01
6.171836488110150620e-01
6.171836870927879248e-01
6.171837253745532381e-01
6.171837636563108909e-01
6.171838019380608831e-01
6.171838402198031037e-01
6.171838785015377749e-01
6.171839167832647854e-01
6.171839550649841355e-01
6.171839891145187718e-01
6.171840233351985061e-01
6.171840366521874621e-01
6.171840516788151820e-01
6.171840857824567594e-01
6.171840692551867624e-01
6.171840999479862866e-01
6.171841130011932464e-01
6.171841302612269820e-01
6.171841431801976530e-01
6.171841532934660979e-01
6.171841651404651463e-01
6.171841671138540431e-01
6.171841563797766383e-01
6.171841671469830981e-01
6.171841926936183498e-01
6.171841813960241563e-01
6.171842059967819205e-01
6.171842136995204786e-01
6.171842137864809175e-01
6.171841890971386801e-01
6.171841727228886132e-01
6.171841612366296692e-01
6.171841664196554555e-01
6.171841704412279750e-01
6.171841971890267287e-01
6.171842165507109845e-01
6.171841944655787060e-01
6.171842143103631884e-01
