5.917714143656437331e-01
5.917713552039546299e-01
5.917712960302531355e-01
5.917712368565635206e-01
5.917711776812824009e-01
5.917711185100212878e-01
5.917710593339622349e-01
5.917710001643279316e-01
5.917709409906974916e-01
5.917708818194836740e-01
5.917708226522897519e-01
5.917707634794964200e-01
5.917707043075164375e-01
5.917706451467709128e-01
5.917705859796242862e-01
5.917705268092831039e-01
5.917704676389536900e-01
5.917704084702394285e-01
5.917703493047433705e-01
5.917702901336477916e-01
5.917702309665722193e-01
5.917701717930956562e-01
5.917701126228372965e-01
5.917700534501859622e-01
5.917699942767448151e-01
5.917699351049187095e-01
5.917698759395173536e-01
5.917698167669133147e-01
5.917697575967258983e-01
5.917696984225424561e-01
5.917696392507755254e-01
5.917695800814252172e-01
5.917695209096819342e-01
5.917694617435618198e-01
5.917694025734454577e-01
5.917693434041424450e-01
5.917692842340497306e-01
5.917692250631673145e-01
5.917691658890902318e-01
5.917691067134217553e-01
5.917690475409715933e-01
5.917689883661284567e-01
5.917689291920987804e-01
5.917688700220888887e-01
5.917688108520908763e-01
5.917687516780967272e-01
5.917686925057175085e-01
5.917686333325485881e-01
5.917685741609947092e-01
5.917685149878494366e-01
5.917684558115096083e-01
5.917683966375864024e-01
5.917683374676830921e-01
5.917682782953868070e-01
5.917682191247054524e-01
5.917681599556392502e-01
5.917681007857832354e-01
5.917680416103276997e-01
5.917679824429002977e-01
5.917679232706749559e-01
5.917678641024695096e-01
5.917678049310695076e-01
5.917677457596812740e-01
5.917676865923129359e-01
5.917676274209484610e-01
5.917675682479924815e-01
5.917675090750484923e-01
5.917674499061241766e-01
5.917673907340054162e-01
5.917673315651048593e-01
5.917672724074386492e-01
5.917672132385617401e-01
5.917671540761095805e-01
5.917670949056530461e-01
5.917670357424229532e-01
5.917669765743950316e-01
5.917669174127918597e-01
5.917668582495971830e-01
5.917667990856128046e-01
5.917667399240450488e-01
5.917666807576794641e-01
5.917666215953337749e-01
5.917665624329999652e-01
5.917665032682730697e-01
5.917664441035580536e-01
5.917663849484741112e-01
5.917663257885923400e-01
5.917662666255160131e-01
5.917662074688644358e-01
5.917661483090181918e-01
5.917660891403661028e-01
5.917660299781386524e-01
5.917659708143199193e-01
5.917659116529178087e-01
5.917658524907259965e-01
5.917657933261410985e-01
5.917657341583616448e-01
5.917656749962052487e-01
5.917656158316558779e-01
5.917655566639119513e-01
