6.319979341148358465e-01
6.319979649914077013e-01
6.319979953847471021e-01
6.319980157914074637e-01
6.319980442160370027e-01
6.319980734639347730e-01
6.319980806892505631e-01
6.319981089438411193e-01
6.319981119901429967e-01
6.319981487906630724e-01
6.319981855911757096e-01
6.319982223916810193e-01
6.319982591921788906e-01
6.319982959926694344e-01
6.319983327931526507e-01
6.319983695936285395e-01
6.319984063940969898e-01
6.319984431945581127e-01
6.319984799950119081e-01
6.319985167954582650e-01
6.319985535958972944e-01
6.319985903963289964e-01
6.319986271967533709e-01
6.319986639971703068e-01
6.319987007975799154e-01
6.319987375979821964e-01
6.319987743983770390e-01
6.319988111987645540e-01
6.319988479991447416e-01
6.319988847995174908e-01
6.319989215998829124e-01
6.319989584002410066e-01
6.319989952005917733e-01
6.319990320009351015e-01
6.319990688012711022e-01
6.319991056015997755e-01
6.319991424019210102e-01
6.319991792022350285e-01
6.319992160025414973e-01
6.319992528028407497e-01
6.319992896031325635e-01
6.319993264034170499e-01
6.319993632036942088e-01
6.319994000039639293e-01
6.319994368042263222e-01
6.319994736044813877e-01
6.319995104047290146e-01
6.319995472049694252e-01
6.319995840052023972e-01
6.319996208054279307e-01
6.319996576056461368e-01
6.319996944058570154e-01
6.319997312060605665e-01
6.319997680062567902e-01
6.319998048064455753e-01
6.319998416066270330e-01
6.319998784068010522e-01
6.319999152069677439e-01
6.319999520071271082e-01
6.319999888072791450e-01
6.320000256074237432e-01
6.320000624075611251e-01
6.320000992076909574e-01
6.320001360078135733e-01
6.320001728079287506e-01
6.320002096080366005e-01
6.320002464081371230e-01
6.320002832082302069e-01
6.320003200083159633e-01
6.320003568083943923e-01
6.320003936084653828e-01
6.320004304085290459e-01
6.320004672085853814e-01
6.320005040086343895e-01
6.320005408086759591e-01
6.320005776087102012e-01
6.320006144087371158e-01
6.320006512087565920e-01
6.320006880087687406e-01
6.320007248087735618e-01
6.320007616087709446e-01
6.320007984087611108e-01
6.320008352087437276e-01
6.320008720087191278e-01
6.320009088086870896e-01
6.320009456086477240e-01
6.320009824086010308e-01
6.320010192085470102e-01
6.320010560084855511e-01
6.320010928084167645e-01
6.320011296083405394e-01
6.320011664082570979e-01
6.320012032081662179e-01
6.320012400080678994e-01
6.320012768079623644e-01
6.320013136078493909e-01
6.320013504077290900e-01
6.320013872076013506e-01
6.320014240074662837e-01
6.320014608073238893e-01
