6.380739885732152894e-01
6.380740010309242649e-01
6.380740212783491128e-01
6.380740151517682035e-01
6.380740085842003806e-01
6.380739851572492238e-01
6.380739808799060775e-01
6.380739893106278648e-01
6.380740010077230462e-01
6.380740120406149796e-01
6.380740285720087890e-01
6.380740220860171563e-01
6.380740278129621856e-01
6.380740365296734273e-01
6.380740577781912615e-01
6.380740693316537815e-01
6.380740884881928032e-01
6.380741104982923240e-01
6.380741206657504216e-01
6.380741251250902080e-01
6.380741109344238993e-01
6.380741436604531192e-01
6.380741766994184605e-01
6.380742045377444382e-01
6.380742328360856641e-01
6.380742215914267934e-01
6.380742471852544062e-01
6.380742759104799378e-01
6.380743042335216275e-01
6.380742905817242683e-01
6.380743214567478061e-01
6.380743446491026205e-01
6.380743778726657434e-01
6.380744049021385145e-01
6.380744142021618215e-01
6.380744283367215663e-01
6.380744226859604851e-01
6.380744372711435464e-01
6.380744734639206550e-01
6.380745096566904362e-01
6.380745458494530009e-01
6.380745820422083492e-01
6.380746182349563700e-01
6.380746544276972854e-01
6.380746906204308733e-01
6.380747268131572447e-01
6.380747561384565447e-01
6.380747731804082834e-01
6.380747804652928679e-01
6.380747964576723996e-01
6.380747999499255529e-01
6.380748198780498148e-01
6.380748560707378836e-01
6.380748922634187359e-01
6.380749284560923718e-01
6.380749646487587912e-01
6.380750008414179941e-01
6.380749840903301440e-01
6.380750117571757363e-01
6.380750365304187488e-01
6.380750672260628864e-01
6.380750818593483586e-01
6.380750920630013923e-01
6.380751183673158966e-01
6.380751300464350129e-01
6.380751415324971143e-01
6.380751396102812834e-01
6.380751669082804778e-01
6.380751813341541956e-01
6.380751901962955497e-01
6.380752230446622431e-01
6.380752467702677233e-01
6.380752509012044271e-01
6.380752603793299338e-01
6.380752671032753343e-01
6.380752714902963030e-01
6.380753047329011940e-01
6.380753130235227166e-01
6.380753341941597379e-01
6.380753050821557082e-01
6.380753141546325891e-01
6.380753232963204402e-01
6.380753539436665456e-01
6.380753824669146423e-01
6.380754045736352076e-01
6.380754363385036099e-01
6.380754569326676506e-01
6.380754710094547200e-01
6.380754967636712571e-01
6.380755329561577094e-01
6.380755691486370562e-01
6.380756053411090756e-01
6.380756415335738785e-01
6.380756777260313539e-01
6.380757139184817239e-01
6.380757501109247665e-01
6.380757863033607036e-01
6.380758224957893132e-01
6.380758586882105954e-01
6.380758948806247721e-01
