6.219991857798528034e-01
6.219991244537050878e-01
6.219990631325947872e-01
6.219990017662702098e-01
6.219989405909145397e-01
6.219988792396899946e-01
6.219988179839560649e-01
6.219987568136621237e-01
6.219986956031792191e-01
6.219986340158206728e-01
6.219985727953118992e-01
6.219985114089847666e-01
6.219984499975440562e-01
6.219983888072231348e-01
6.219983273757062614e-01
6.219982658085221328e-01
6.219982041961238384e-01
6.219981428852479066e-01
6.219980815593086909e-01
6.219980200625262468e-01
6.219979586612340849e-01
6.219978971946271695e-01
6.219978357029065652e-01
6.219977741910978075e-01
6.219977128551820167e-01
6.219976514288254599e-01
6.219975899673051423e-01
6.219975286414765048e-01
6.219974672101316049e-01
6.219974057385978528e-01
6.219973444429569565e-01
6.219972831523534751e-01
6.219972216858816738e-01
6.219971601390196225e-01
6.219970984916667334e-01
6.219970368493512591e-01
6.219969752723752965e-01
6.219969134793298382e-01
6.219968518069004526e-01
6.219967899787036680e-01
6.219967285525316303e-01
6.219966670509945450e-01
6.219966055142936989e-01
6.219965438017247550e-01
6.219964821896711848e-01
6.219964204972274757e-01
6.219963587143433337e-01
6.219962971174022304e-01
6.219962352491152924e-01
6.219961735818467785e-01
6.219961118341882367e-01
6.219960499910640594e-01
6.219959882685559549e-01
6.219959266013367349e-01
6.219958649140292506e-01
6.219958032317592922e-01
6.219957416399543026e-01
6.219956798320803726e-01
6.219956181548725871e-01
6.219955563419981015e-01
6.219954944286332221e-01
6.219954324700543991e-01
6.219953707828456135e-01
6.219953089298195792e-01
6.219952471019315476e-01
6.219951852539553627e-01
6.219951235064943296e-01
6.219950617640709334e-01
6.219950001724139366e-01
6.219949384199648934e-01
6.219948765871259333e-01
6.219948148246512432e-01
6.219947529566610678e-01
6.219946912344122003e-01
6.219946293965974426e-01
6.219945675537700280e-01
6.219945057461309101e-01
6.219944439887554744e-01
6.219943822464678584e-01
6.219943203785642805e-01
6.219942587468543227e-01
6.219941970347545590e-01
6.219941353276923213e-01
6.219940735100893958e-01
6.219940118131020990e-01
6.219939500055742254e-01
6.219938882734356023e-01
6.219938264458318988e-01
6.219937645328132980e-01
6.219937026047316353e-01
6.219936408927431160e-01
6.219935790601637260e-01
6.219935175441798636e-01
6.219934557870020475e-01
6.219933941152638868e-01
6.219933323631359201e-01
6.219932706662967270e-01
6.219932090197212160e-01
6.219931472827057162e-01
6.219930854552502275e-01
