6.045901004282283608e-01
6.045901399696058665e-01
6.045901795109753785e-01
6.045902190523370079e-01
6.045902585936907547e-01
6.045902981350366190e-01
6.045903376763746007e-01
6.045903772177045887e-01
6.045904088863017778e-01
6.045904484276166668e-01
6.045904879689237843e-01
6.045905275102229082e-01
6.045905670515142605e-01
6.045906065927976192e-01
6.045906461340729843e-01
6.045906856753405778e-01
6.045907252166001777e-01
6.045907647578518951e-01
6.045908042990957298e-01
6.045908438403315710e-01
6.045908833815596406e-01
6.045909229227797166e-01
6.045909624639917990e-01
6.045910020051961098e-01
6.045910415463924270e-01
6.045910574538014837e-01
6.045910647463135223e-01
6.045910958872434682e-01
6.045911121015906664e-01
6.045911132570056523e-01
6.045911371810381851e-01
6.045911687218259445e-01
6.045911603446304516e-01
6.045911826591285898e-01
6.045912170922866924e-01
6.045912334930947374e-01
6.045912684953934635e-01
6.045913048762918685e-01
6.045913270812518503e-01
6.045913375048475036e-01
6.045913623352845434e-01
6.045913857724043439e-01
6.045914094188449273e-01
6.045914315045710641e-01
6.045914587270545537e-01
6.045914843575338482e-01
6.045915104607891832e-01
6.045915105269826784e-01
6.045914999238476417e-01
6.045915233349647977e-01
6.045915577295479792e-01
6.045915931225646078e-01
6.045916297349165358e-01
6.045916419607284542e-01
6.045916353006581812e-01
6.045916415233116847e-01
6.045916406927421827e-01
6.045916545530981567e-01
6.045916766434600298e-01
6.045917025044834636e-01
6.045917216132851157e-01
6.045917264729674390e-01
6.045917473389659236e-01
6.045917297464362683e-01
6.045917569597615282e-01
6.045917817331482036e-01
6.045918212741004938e-01
6.045918608150449014e-01
6.045919003559813154e-01
6.045919398969099579e-01
6.045919728348703170e-01
6.045919950040203883e-01
6.045920141465622732e-01
6.045920464615374135e-01
6.045920692301743893e-01
6.045920917553770924e-01
6.045921248716507046e-01
6.045921385639076995e-01
6.045921535615463860e-01
6.045921731214564110e-01
6.045922068196873944e-01
6.045922295507454303e-01
6.045922619492121175e-01
6.045922865704383975e-01
6.045923188772156509e-01
6.045923540553922448e-01
6.045923691512452569e-01
6.045923660934439114e-01
6.045924006674118223e-01
6.045924246083833609e-01
6.045924400668645227e-01
6.045924730644679501e-01
6.045925104819677154e-01
6.045925484720511278e-01
6.045925661520417105e-01
6.045926056928008219e-01
6.045926452335521617e-01
6.045926847742955079e-01
6.045926623065768224e-01
6.045926755650827822e-01
