7.202181357970662834e-01
7.202181637755268317e-01
7.202181917539818290e-01
7.202182197324312751e-01
7.202182477108750591e-01
7.202182756893132920e-01
7.202183036677459738e-01
7.202183316461729934e-01
7.202183596245944619e-01
7.202183876030102683e-01
7.202184155814205235e-01
7.202184435598252277e-01
7.202184715382242697e-01
7.202184995166176495e-01
7.202185274950055893e-01
7.202185554733878670e-01
7.202185834517644825e-01
7.202186114301355468e-01
7.202186394085010601e-01
7.202186673868609113e-01
7.202186953652152113e-01
7.202187233435639602e-01
7.202187513219070469e-01
7.202187793002445826e-01
7.202188072785764561e-01
7.202188352569027785e-01
7.202188632352234388e-01
7.202188912135385479e-01
7.202189191918481059e-01
7.202189471701520018e-01
7.202189751484503466e-01
7.202190031267431403e-01
7.202190311050302718e-01
7.202190590833118522e-01
7.202190870615877705e-01
7.202191150398581376e-01
7.202191430181228426e-01
7.202191709963819966e-01
7.202191989746355993e-01
7.202192269528835400e-01
7.202192549311259295e-01
7.202192829093627680e-01
7.202193108875939442e-01
7.202193388658194584e-01
7.202193668440395324e-01
7.202193948222539444e-01
7.202194228004626941e-01
7.202194507786658928e-01
7.202194787568635403e-01
7.202195067350555258e-01
7.202195347132419601e-01
7.202195626914227322e-01
7.202195906695979533e-01
7.202196186477676232e-01
7.202196466259316310e-01
7.202196746040900877e-01
7.202197025822429932e-01
7.202197305603902366e-01
7.202197585385318179e-01
7.202197865166679591e-01
7.202198144947984382e-01
7.202198424729232551e-01
7.202198704510425209e-01
7.202198984291562356e-01
7.202199264072642881e-01
7.202199543853667896e-01
7.202199823634636289e-01
7.202200103415549171e-01
7.202200383196406541e-01
7.202200662977207291e-01
7.202200942757952529e-01
7.202201222538641145e-01
7.202201502319275361e-01
7.202201782099851846e-01
7.202202061880372819e-01
7.202202341660838281e-01
7.202202621441248231e-01
7.202202901221601561e-01
7.202203181001898269e-01
7.202203460782140576e-01
7.202203740562325152e-01
7.202204020342455326e-01
7.202204300122528879e-01
7.202204579902546921e-01
7.202204859682508342e-01
7.202205139462414252e-01
7.202205419242263540e-01
7.202205699022057317e-01
7.202205978801795583e-01
7.202205745760451583e-01
7.202205670411603311e-01
7.202205698909007747e-01
7.202205904329607167e-01
7.202206109750165508e-01
7.202206126709049805e-01
7.202206278283370677e-01
7.202206384985850862e-01
7.202206560919093281e-01
7.202206411211243831e-01
7.202206480734192340e-01
