6.353875421231702791e-01
6.353875785847734603e-01
6.353876150463692030e-01
6.353876515079577292e-01
6.353876879695390389e-01
6.353877098530864576e-01
6.353877377869370235e-01
6.353877552382736216e-01
6.353877844083063442e-01
6.353878126135003024e-01
6.353878273512321151e-01
6.353878532649386290e-01
6.353878630679471451e-01
6.353878902128113904e-01
6.353879206340800057e-01
6.353879311205016256e-01
6.353879529738497567e-01
6.353879786362698345e-01
6.353880072735833551e-01
6.353880413933471472e-01
6.353880555079207682e-01
6.353880663460841349e-01
6.353880799782367639e-01
6.353880945852683482e-01
6.353881310467323074e-01
6.353881675081890501e-01
6.353882039696384654e-01
6.353882404310806642e-01
6.353882768925154245e-01
6.353883133539429684e-01
6.353883498153631848e-01
6.353883862767761848e-01
6.353884227381818572e-01
6.353884591995802023e-01
6.353884956609713308e-01
6.353885321223551319e-01
6.353885685837316055e-01
6.353886050451007517e-01
6.353886415064626814e-01
6.353886779678172836e-01
6.353887144291646694e-01
6.353887508905047277e-01
6.353887873518374585e-01
6.353888238131628619e-01
6.353888602744810488e-01
6.353888967357919082e-01
6.353889331970954402e-01
6.353889696583917557e-01
6.353890061196807437e-01
6.353890425809624043e-01
6.353890790422368484e-01
6.353891092471924962e-01
6.353891402762666951e-01
6.353891639233910649e-01
6.353891794347956701e-01
6.353892059412205029e-01
6.353892247993658815e-01
6.353892536826752924e-01
6.353892848423701167e-01
6.353893107156054487e-01
6.353893326842977585e-01
6.353893222156764553e-01
6.353893350536762297e-01
6.353893631279090570e-01
6.353893619960040429e-01
6.353893897033932037e-01
6.353893923704931890e-01
6.353894197009881672e-01
6.353894455993124302e-01
6.353894820604772953e-01
6.353895185216348329e-01
6.353895549827850431e-01
6.353895914439280368e-01
6.353896279050637030e-01
6.353896643661920418e-01
6.353897008273130531e-01
6.353897372884268480e-01
6.353897737495333153e-01
6.353898102106325663e-01
6.353898466717244897e-01
6.353898831328090857e-01
6.353899195938863542e-01
6.353899560549564063e-01
6.353899925160191309e-01
6.353900289770745280e-01
6.353900654381227087e-01
6.353901018991635619e-01
6.353901383601970876e-01
6.353901748212233969e-01
6.353902112822423787e-01
6.353902360196254095e-01
6.353902697369101515e-01
6.353902905848325400e-01
6.353903200005949214e-01
6.353903564615811517e-01
6.353903929225600544e-01
6.353904293835317407e-01
6.353904658444960996e-01
6.353905023054531309e-01
6.353905387664029458e-01
