1.422466667389427342e-01 8.577533332530782317e-01
1.422467105147050825e-01 8.577532894773158834e-01
1.422467585404998680e-01 8.577532414515209869e-01
1.422468073162922730e-01 8.577531926757285818e-01
1.422468548420630086e-01 8.577531451499578186e-01
1.422469016178172230e-01 8.577530983742036597e-01
1.422469508935853277e-01 8.577530490984355271e-01
1.422469996693389860e-01 8.577530003226818689e-01
1.422470489450874120e-01 8.577529510469333873e-01
1.422470952207990080e-01 8.577529047712217913e-01
1.422471412464991203e-01 8.577528587455217624e-01
1.422471885222010013e-01 8.577528114698198536e-01
1.422472377979108749e-01 8.577527621941100078e-01
1.422472873236129975e-01 8.577527126684079128e-01
1.422473365993031091e-01 8.577526633927178290e-01
1.422473886250064656e-01 8.577526113670145280e-01
1.422474416507077399e-01 8.577525583413133647e-01
1.422474939263922433e-01 8.577525060656289169e-01
1.422475467020703210e-01 8.577524532899508669e-01
1.422475994777378516e-01 8.577524005142833641e-01
1.422476525033967987e-01 8.577523474886245003e-01
1.422477037790315091e-01 8.577522962129898731e-01
1.422477543046501702e-01 8.577522456873710732e-01
1.422478020802378507e-01 8.577521979117834761e-01
1.422478493558122226e-01 8.577521506362091319e-01
1.422478948813641619e-01 8.577521051106571370e-01
1.422479409069106471e-01 8.577520590851107629e-01
1.422479866824461758e-01 8.577520133095752897e-01
1.422480302079565107e-01 8.577519697840648716e-01
1.422480747334651519e-01 8.577519252585561471e-01
1.422481205089735634e-01 8.577518794830478743e-01
1.422481687844897869e-01 8.577518312075316231e-01
1.422482153099846047e-01 8.577517846820367220e-01
1.422482595854552834e-01 8.577517404065659878e-01
1.422483058609301243e-01 8.577516941310910914e-01
1.422483513863908866e-01 8.577516486056303568e-01
1.422483956618346701e-01 8.577516043301864901e-01
1.422484414372789385e-01 8.577515585547422772e-01
1.422484859627063947e-01 8.577515140293147100e-01
1.422485319881339472e-01 8.577514680038872408e-01
1.422485787635567323e-01 8.577514212284645945e-01
1.422486237889599991e-01 8.577513762030612998e-01
1.422486638143257709e-01 8.577513361776955003e-01
1.422487028396779152e-01 8.577512971523433283e-01
1.422487426150264023e-01 8.577512573769949800e-01
1.422487803903561276e-01 8.577512196016652268e-01
1.422488179156769783e-01 8.577511820763443762e-01
1.422488499409617357e-01 8.577511500510596187e-01
1.422488829662451604e-01 8.577511170257762219e-01
1.422489204915444727e-01 8.577510795004767985e-01
1.422489600168461155e-01 8.577510399751752113e-01
1.422489965421254443e-01 8.577510034498958547e-01
1.422490283173751258e-01 8.577509716746460899e-01
1.422490613426242168e-01 8.577509386493969989e-01
1.422490973678801895e-01 8.577509026241411094e-01
1.422491303931157358e-01 8.577508695989054521e-01
1.422491651683522318e-01 8.577508348236689839e-01
1.422491969435691894e-01 8.577508030484519708e-01
1.422492304687869302e-01 8.577507695232342577e-01
1.422492604939839811e-01 8.577507394980371513e-01
1.422492865191594402e-01 8.577507134728616922e-01
1.422493122943287169e-01 8.577506876976923600e-01
1.422493388194956410e-01 8.577506611725254082e-01
1.422493640946527471e-01 8.577506358973683298e-01
1.422493906198091795e-01 8.577506093722118141e-01
1.422494176449620173e-01 8.577505823470590318e-01
1.422494436701061404e-01 8.577505563219149920e-01
1.422494694452442476e-01 8.577505305467768570e-01
1.422494949703764222e-01 8.577505050216445159e-01
1.422495204955034898e-01 8.577504794965173929e-01
1.422495497706363354e-01 8.577504502213845194e-01
1.422495822957724476e-01 8.577504176962484905e-01
1.422496105708905556e-01 8.577503894211302438e-01
1.422496408460082185e-01 8.577503591460126087e-01
1.422496668711092094e-01 8.577503331209116455e-01
1.422496953962109900e-01 8.577503045958098093e-01
1.422497214213012950e-01 8.577502785707195043e-01
1.422497486963891777e-01 8.577502512956317604e-01
1.422497704714600353e-01 8.577502295205609029e-01
1.422497922465265630e-01 8.577502077454944862e-01
1.422498135215877479e-01 8.577501864704332180e-01
1.422498362966473917e-01 8.577501636953737130e-01
1.422498578217003540e-01 8.577501421703207507e-01
1.422498828467546328e-01 8.577501171452664996e-01
1.422499098718068844e-01 8.577500901202143035e-01
1.422499373968544312e-01 8.577500625951667290e-01
1.422499666718987643e-01 8.577500333201223404e-01
1.422499959469372133e-01 8.577500040450838359e-01
1.422500244719689944e-01 8.577499755200519438e-01
1.422500549969970829e-01 8.577499449950239940e-01
1.422500857720192802e-01 8.577499142200017967e-01
1.422501237970411059e-01 8.577498761949798878e-01
1.422501603220543143e-01 8.577498396699666516e-01
1.422501985970612282e-01 8.577498013949597100e-01
1.422502418720630046e-01 8.577497581199580168e-01
1.422502866470567451e-01 8.577497133449643041e-01
1.422503376720433976e-01 8.577496623199776238e-01
1.422503919470204936e-01 8.577496080450005556e-01
1.422504459719867165e-01 8.577495540200343882e-01
1.422505039969421126e-01 8.577494959950789921e-01
