1.599445145278355655e-03
1.599445757269663329e-03
1.599446509613087217e-03
1.599447240652897718e-03
1.599447900263312183e-03
1.599448395711650572e-03
1.599449061587539939e-03
1.599449619692881177e-03
1.599450394592063542e-03
1.599451062973841634e-03
1.599451748899501655e-03
1.599452432318736921e-03
1.599453365113438427e-03
1.599454212694187936e-03
1.599454987592446127e-03
1.599455756224832598e-03
1.599456615083377862e-03
1.599457455144605040e-03
1.599458167385079755e-03
1.599459166595126490e-03
1.599459985352419790e-03
1.599460850475825863e-03
1.599461619107088017e-03
1.599462184729134396e-03
1.599462886943571168e-03
1.599463354820293559e-03
1.599464018187071301e-03
1.599464440950480433e-03
1.599465014090812286e-03
1.599465668685233922e-03
1.599466353354919886e-03
1.599466828749863132e-03
1.599467368054914053e-03
1.599467858487353721e-03
1.599468777493909906e-03
1.599469182712532885e-03
1.599469847331205265e-03
1.599470474355526618e-03
1.599471170302448888e-03
1.599471688303302037e-03
1.599472380490542939e-03
1.599472969920157214e-03
1.599473411479136482e-03
1.599473816696971896e-03
1.599474297103109727e-03
1.599474810090780949e-03
1.599475216561494157e-03
1.599475483933658713e-03
1.599475816469009314e-03
1.599476086347338417e-03
1.599476410110589435e-03
1.599476918085186283e-03
1.599477181697630656e-03
1.599477405209587429e-03
1.599477776591838769e-03
1.599478076545130358e-03
1.599478337651077118e-03
1.599478587478728522e-03
1.599478909988332398e-03
1.599479058311711584e-03
1.599479261773120546e-03
1.599479418868397871e-03
1.599479601026393156e-03
1.599479749349643756e-03
1.599479962835999953e-03
1.599480163790942744e-03
1.599480360986434233e-03
1.599480605801086291e-03
1.599480747858478616e-03
1.599480839790379076e-03
1.599481168565053011e-03
1.599481408366980892e-03
1.599481579246369006e-03
1.599481795238622385e-03
1.599481905967411370e-03
1.599482048024574278e-03
1.599482245219680226e-03
1.599482363467204628e-03
1.599482476702163364e-03
1.599482685175385123e-03
1.599482773347584916e-03
1.599482860266631962e-03
1.599482970995226008e-03
1.599483072951853827e-03
1.599483324031492244e-03
1.599483462328967496e-03
1.599483643232986691e-03
1.599483747695775370e-03
1.599483937371669285e-03
1.599484120781854979e-03
1.599484309204539769e-03
1.599484688103529643e-03
1.599485206100285809e-03
1.599485610061782007e-03
1.599486059136001875e-03
1.599486579638731984e-03
1.599487694126498598e-03
1.599488766007517437e-03
1.599489667462239721e-03
1.599490887212521185e-03
