6.649674942890686502e-01
6.649674277916675091e-01
6.649673612942798018e-01
6.649672947969051950e-01
6.649672282995440220e-01
6.649671618021961716e-01
6.649670953048615329e-01
6.649670288075402169e-01
6.649669623102322236e-01
6.649668958129375529e-01
6.649668293156560939e-01
6.649667628183879575e-01
6.649666963211331439e-01
6.649666298238916529e-01
6.649665633266634845e-01
6.649664968294485279e-01
6.649664303322470049e-01
6.649663638350586936e-01
6.649662973378835940e-01
6.649662308407219280e-01
6.649661643435734737e-01
6.649660978464384531e-01
6.649660313493165331e-01
6.649659648522080468e-01
6.649658983551128832e-01
6.649658318580309313e-01
6.649657653609623020e-01
6.649656988639069954e-01
6.649656323668650115e-01
6.649655658698362393e-01
6.649654993728209007e-01
6.649654328758187738e-01
6.649653663788299696e-01
6.649652998818543770e-01
6.649652333848922181e-01
6.649651668879432709e-01
6.649651003910076463e-01
6.649650338940853445e-01
6.649649673971763653e-01
6.649649009002805977e-01
6.649648344033981529e-01
6.649647679065290307e-01
6.649647014096732311e-01
6.649646349128307543e-01
6.649645684160014891e-01
6.649645019191855466e-01
6.649644354223829268e-01
6.649643689255936296e-01
6.649643024288175441e-01
6.649642359320548923e-01
6.649641694353054522e-01
6.649641029385693347e-01
6.649640364418464289e-01
6.649639699451369568e-01
6.649639034484406963e-01
6.649638369517577585e-01
6.649637704550881434e-01
6.649637039584318510e-01
6.649636374617887702e-01
6.649635709651590121e-01
6.649635044685425767e-01
6.649634379719394639e-01
6.649633714753496738e-01
6.649633049787730954e-01
6.649632384822098397e-01
6.649631719856599066e-01
6.649631054891232962e-01
6.649630389926000085e-01
6.649629724960899324e-01
6.649629059995931790e-01
6.649628395031097483e-01
6.649627730066396403e-01
6.649627065101827439e-01
6.649626400137392812e-01
6.649625735173090302e-01
6.649625070208921018e-01
6.649624405244883851e-01
6.649623740280981021e-01
6.649623075317210308e-01
6.649622410353572821e-01
6.649621745390068561e-01
6.649621080426696418e-01
6.649620415463458611e-01
6.649619750500352922e-01
6.649619085537380458e-01
6.649618420574541222e-01
6.649617755611834102e-01
6.649617090649260209e-01
6.649616425686820653e-01
6.649615760724513214e-01
6.649615095762337891e-01
6.649614430800296905e-01
6.649613765838388035e-01
6.649613100876612393e-01
6.649612435914969977e-01
6.649611770953460788e-01
6.649611105992083715e-01
6.649610441030839869e-01
6.649609776069729250e-01
6.649609111108751858e-01
