8.387798139424787469e-02 9.161220186221868955e-01
8.387797350637242466e-02 9.161220265100622484e-01
8.387796561849857058e-02 9.161220343979360470e-01
8.387795823063108613e-02 9.161220417858034759e-01
8.387795184277457849e-02 9.161220481736600529e-01
8.387794495491464331e-02 9.161220550615198910e-01
8.387793756705144710e-02 9.161220624493831011e-01
8.387792917918052149e-02 9.161220708372540544e-01
8.387792079131127509e-02 9.161220792251233425e-01
8.387791240344370791e-02 9.161220876129908541e-01
8.387790401557780606e-02 9.161220960008568115e-01
8.387789562771359730e-02 9.161221043887209925e-01
8.387788723985105388e-02 9.161221127765835082e-01
8.387787885199020355e-02 9.161221211644443585e-01
8.387787046413101855e-02 9.161221295523035435e-01
8.387786207627351276e-02 9.161221379401610632e-01
8.387785368841768618e-02 9.161221463280169175e-01
8.387784530056353882e-02 9.161221547158709955e-01
8.387783691271107067e-02 9.161221631037235191e-01
8.387782852486026786e-02 9.161221714915742664e-01
8.387782013701115813e-02 9.161221798794234594e-01
8.387781174916371374e-02 9.161221882672708761e-01
8.387780336131794856e-02 9.161221966551166274e-01
8.387779497347387647e-02 9.161222050429607133e-01
8.387778658563146972e-02 9.161222134308031340e-01
8.387777869779443340e-02 9.161222213186400731e-01
8.387777030995532956e-02 9.161222297064791631e-01
8.387776192211791881e-02 9.161222380943165877e-01
8.387775353428217340e-02 9.161222464821523470e-01
8.387774564645160413e-02 9.161222543699828469e-01
8.387773875862951367e-02 9.161222612578048263e-01
8.387773237081219690e-02 9.161222676456222125e-01
8.387772748300621750e-02 9.161222725334281503e-01
8.387772209519790689e-02 9.161222779212365719e-01
8.387771720739393977e-02 9.161222828090405113e-01
8.387771231959093021e-02 9.161222876968434514e-01
8.387770743178891986e-02 9.161222925846455034e-01
8.387770204398477258e-02 9.161222979724497062e-01
8.387769515617254923e-02 9.161223048602618046e-01
8.387768776835870244e-02 9.161223122480757208e-01
8.387767938054044303e-02 9.161223206358939386e-01
8.387767099272384896e-02 9.161223290237106021e-01
8.387766260490894799e-02 9.161223374115254892e-01
8.387765421709571234e-02 9.161223457993387109e-01
8.387764582928415591e-02 9.161223541871502674e-01
8.387763744147427869e-02 9.161223625749601585e-01
8.387762905366608068e-02 9.161223709627683842e-01
8.387762066585956189e-02 9.161223793505748336e-01
8.387761227805472231e-02 9.161223877383797287e-01
8.387760389025154806e-02 9.161223961261828475e-01
8.387759550245006690e-02 9.161224045139843009e-01
8.387758711465025108e-02 9.161224129017841999e-01
8.387757922685445955e-02 9.161224207895798388e-01
8.387757183906255354e-02 9.161224281773717726e-01
8.387756395126988451e-02 9.161224360651644139e-01
8.387755556347657737e-02 9.161224444529576516e-01
8.387754767568710024e-02 9.161224523407470732e-01
8.387753928789710989e-02 9.161224607285370913e-01
8.387753140011083852e-02 9.161224686163232933e-01
8.387752401232814736e-02 9.161224760041060122e-01
8.387751612454498462e-02 9.161224838918889946e-01
8.387750773676150295e-02 9.161224922796725734e-01
8.387749934897968662e-02 9.161225006674543758e-01
8.387749096119956338e-02 9.161225090552345129e-01
8.387748257342110547e-02 9.161225174430128737e-01
8.387747418564432678e-02 9.161225258307896802e-01
8.387746579786924117e-02 9.161225342185648213e-01
8.387745741009582090e-02 9.161225426063381860e-01
8.387744902232406596e-02 9.161225509941099965e-01
8.387744063455400412e-02 9.161225593818800306e-01
8.387743224678562148e-02 9.161225677696483993e-01
8.387742385901890418e-02 9.161225761574151027e-01
8.387741547125387997e-02 9.161225845451801408e-01
8.387740708349052110e-02 9.161225929329435136e-01
8.387739869572884144e-02 9.161226013207052210e-01
8.387739030796884099e-02 9.161226097084651521e-01
8.387738192021051975e-02 9.161226180962235288e-01
8.387737353245387772e-02 9.161226264839801292e-01
8.387736514469890103e-02 9.161226348717350643e-01
8.387735675694561743e-02 9.161226432594883340e-01
8.387734836919399917e-02 9.161226516472400494e-01
8.387733998144407399e-02 9.161226600349898774e-01
8.387733159369581415e-02 9.161226684227381512e-01
8.387732370595003817e-02 9.161226763104838300e-01
8.387731531820508124e-02 9.161226846982288841e-01
8.387730743046251103e-02 9.161226925859713432e-01
8.387729954272150901e-02 9.161227004737122481e-01
8.387729115498149257e-02 9.161227088614523062e-01
8.387728276724314147e-02 9.161227172491905879e-01
8.387727437950648346e-02 9.161227256369272043e-01
8.387726649177194849e-02 9.161227335246616699e-01
8.387725860403898170e-02 9.161227414123945811e-01
8.387725071630761087e-02 9.161227493001259381e-01
8.387724282857780822e-02 9.161227571878556297e-01
8.387723444084932423e-02 9.161227655755840305e-01
8.387722655312272735e-02 9.161227734633106135e-01
8.387721816539756015e-02 9.161227818510357945e-01
8.387720977767405828e-02 9.161227902387593103e-01
8.387720138995224950e-02 9.161227986264810497e-01
8.387719300223210606e-02 9.161228070142012347e-01
