2.780073015155572636e-03
2.780072747195896487e-03
2.780072469185925106e-03
2.780072206251530363e-03
2.780072013669616406e-03
2.780071735659801584e-03
2.780071517952111167e-03
2.780071239942401295e-03
2.780070961932747803e-03
2.780070683923149388e-03
2.780070405913606484e-03
2.780070127904119524e-03
2.780069849894688076e-03
2.780069571885312139e-03
2.780069293875992147e-03
2.780069015866727233e-03
2.780068737857518263e-03
2.780068459848364804e-03
2.780068181839266857e-03
2.780067903830224854e-03
2.780067625821237929e-03
2.780067347812306949e-03
2.780067069803431479e-03
2.780066791794611521e-03
2.780066513785847508e-03
2.780066291053929963e-03
2.780066013045271334e-03
2.780065735036668217e-03
2.780065457028121044e-03
2.780065184044789792e-03
2.780064916086673592e-03
2.780064643103451628e-03
2.780064410321558040e-03
2.780064147388758376e-03
2.780063919632119306e-03
2.780063691875525773e-03
2.780063428942877030e-03
2.780063191136064593e-03
2.780062923178362125e-03
2.780062645170401723e-03
2.780062367162496832e-03
2.780062089154647885e-03
2.780061811146854016e-03
2.780061533139116092e-03
2.780061255131433678e-03
2.780060977123807210e-03
2.780060699116235819e-03
2.780060421108720373e-03
2.780060143101260439e-03
2.780059865093856015e-03
2.780059587086507536e-03
2.780059309079214135e-03
2.780059036097125812e-03
2.780058778190538666e-03
2.780058505208557896e-03
2.780058227201484371e-03
2.780057949194465923e-03
2.780057671187503420e-03
2.780057398205742526e-03
2.780057150349765464e-03
2.780056872342966025e-03
2.780056594336222531e-03
2.780056316329534115e-03
2.780056038322901643e-03
2.780055760316325116e-03
2.780055482309803667e-03
2.780055204303338162e-03
2.780054926296928169e-03
2.780054648290573686e-03
2.780054370284274715e-03
2.780054092278031255e-03
2.780053814271843740e-03
2.780053536265711736e-03
2.780053258259635243e-03
2.780052980253614695e-03
2.780052702247649225e-03
2.780052424241739699e-03
2.780052146235885684e-03
2.780051868230087181e-03
2.780051590224344189e-03
2.780051312218657141e-03
2.780051034213025605e-03
2.780050756207449580e-03
2.780050493277329629e-03
2.780050215271863325e-03
2.780049937266452966e-03
2.780049664286229905e-03
2.780049386280929700e-03
2.780049108275685441e-03
2.780048830270496259e-03
2.780048557290493508e-03
2.780048279285415348e-03
2.780048001280392700e-03
2.780047728300554313e-03
2.780047450295642254e-03
2.780047177315913588e-03
2.780046899311112551e-03
2.780046621306367025e-03
2.780046343301677009e-03
2.780046065297042939e-03
