6.081855122346877529e-01
6.081855514165205312e-01
6.081855905983454269e-01
6.081856297801625511e-01
6.081856689619717926e-01
6.081857081437731516e-01
6.081857473255667390e-01
6.081857865073525549e-01
6.081858256891303771e-01
6.081858648709004278e-01
6.081859040526627069e-01
6.081859432344171035e-01
6.081859824161636174e-01
6.081860215979023598e-01
6.081860607796332197e-01
6.081860999613563079e-01
6.081861391430715136e-01
6.081861783247789477e-01
6.081862175064783882e-01
6.081862566881701682e-01
6.081862958698539545e-01
6.081863350515300803e-01
6.081863742331982126e-01
6.081864134148585732e-01
6.081864525965111623e-01
6.081864917781557578e-01
6.081865309597926927e-01
6.081865701414216341e-01
6.081866093230428039e-01
6.081866485046562021e-01
6.081866876862617177e-01
6.081867268678593508e-01
6.081867660494492123e-01
6.081868052310311912e-01
6.081868444126052875e-01
6.081868835941716123e-01
6.081869227757301655e-01
6.081869619572807251e-01
6.081870011388236241e-01
6.081870403203585296e-01
6.081870795018856635e-01
6.081871186834050258e-01
6.081871578649165055e-01
6.081871970464201027e-01
6.081872362279159283e-01
6.081872754094038713e-01
6.081873145908839318e-01
6.081873537723562206e-01
6.081873929538207380e-01
6.081874321352772617e-01
6.081874713167261248e-01
6.081875104981669944e-01
6.081875496796000924e-01
6.081875888610254188e-01
6.081876280424428627e-01
6.081876672238524240e-01
6.081877064052542137e-01
6.081877455866481208e-01
6.081877847680341453e-01
6.081878239494123983e-01
6.081878631307828798e-01
6.081879023121453676e-01
6.081879414935001948e-01
6.081879806748470285e-01
6.081880198561860906e-01
6.081880590375173812e-01
6.081880938534063308e-01
6.081881092181736781e-01
6.081881348805378007e-01
6.081881586438515619e-01
6.081881560412554233e-01
6.081881752233110339e-01
6.081881905717125836e-01
6.081881920292103727e-01
6.081881990048088049e-01
6.081882022902272977e-01
6.081882245158071187e-01
6.081882293585526567e-01
6.081882485806447969e-01
6.081882780079446160e-01
6.081882762465424808e-01
6.081882740481890925e-01
6.081883038682842635e-01
6.081883317496823427e-01
6.081883709309079400e-01
6.081884101121257657e-01
6.081884492933357089e-01
6.081884884745377695e-01
6.081885276557319475e-01
6.081885668369184650e-01
6.081886060180969888e-01
6.081886451992677411e-01
6.081886843804306109e-01
6.081887077769859706e-01
6.081887418553323377e-01
6.081887631014574191e-01
6.081887645253774011e-01
6.081887858810403058e-01
6.081887887004207016e-01
6.081887609205771650e-01
