6.159467334132073812e-01
6.159466720641639803e-01
6.159466106397551988e-01
6.159465493208874376e-01
6.159464880120821828e-01
6.159464267233899504e-01
6.159463653040554432e-01
6.159463039249346572e-01
6.159462425508513972e-01
6.159461811968809375e-01
6.159461197775956132e-01
6.159460583733979977e-01
6.159459969692127057e-01
6.159459355198131369e-01
6.159458740050988146e-01
6.159458125104974036e-01
6.159457511666632801e-01
6.159456896771114964e-01
6.159456282629496293e-01
6.159455668136238904e-01
6.159455053542600700e-01
6.159454439501853562e-01
6.159453824657202814e-01
6.159453211068965928e-01
6.159452596526071577e-01
6.159451981681789423e-01
6.159451367390398335e-01
6.159450753048878457e-01
6.159450138757732729e-01
6.159449524315955271e-01
6.159448910326565940e-01
6.159448296437801673e-01
6.159447681745134906e-01
6.159447067052591374e-01
6.159446451807403244e-01
6.159445837416614999e-01
6.159445223126451818e-01
6.159444608333897175e-01
6.159443994295238367e-01
6.159443380759217490e-01
6.159442765967031441e-01
6.159442151677483324e-01
6.159441536885542634e-01
6.159440922797245754e-01
6.159440308608570280e-01
6.159439693816998185e-01
6.159439079276807227e-01
6.159438465239254201e-01
6.159437850297296846e-01
6.159437236008731276e-01
6.159436621921294819e-01
6.159436007482220754e-01
6.159435392842264045e-01
6.159434778051675607e-01
6.159434163411965368e-01
6.159433548722125229e-01
6.159432935640456463e-01
6.159432321302622526e-01
6.159431706763905945e-01
6.159431092074558745e-01
6.159430478641619855e-01
6.159429863801763050e-01
6.159429248660520662e-01
6.159428634825938609e-01
6.159428019885948569e-01
6.159427404795326799e-01
6.159426790307844790e-01
6.159426175016462501e-01
6.159425559976461351e-01
6.159424945037086374e-01
6.159424330650599133e-01
6.159423715962726309e-01
6.159423101928244160e-01
6.159422487441622573e-01
6.159421873156128990e-01
6.159421258468747995e-01
6.159420643731239320e-01
6.159420029144606623e-01
6.159419414457594222e-01
6.159418799971709824e-01
6.159418184882933245e-01
6.159417569693775851e-01
6.159416954806249400e-01
6.159416340722867478e-01
6.159415725333075020e-01
6.159415110094158541e-01
6.159414495709637505e-01
6.159413880671972263e-01
6.159413265584179342e-01
6.159412650798016253e-01
6.159412035258207130e-01
6.159411420422039596e-01
6.159410805183984650e-01
6.159410190348062475e-01
6.159409574858997205e-01
6.159408959319803145e-01
6.159408344433998650e-01
6.159407729849826207e-01
6.159407114210498912e-01
6.159406498923053475e-01
