7.050859777219977698e-01
7.050860072136890810e-01
7.050860367053743971e-01
7.050860661970538290e-01
7.050860956887273767e-01
7.050861251803950402e-01
7.050861546720568196e-01
7.050861841637126037e-01
7.050862136553626147e-01
7.050862431470066305e-01
7.050862726386448731e-01
7.050863021302771205e-01
7.050863316219034838e-01
7.050863611135239628e-01
7.050863906051384467e-01
7.050864200967471573e-01
7.050864495883499838e-01
7.050864790799468151e-01
7.050865085715377623e-01
7.050865380631228252e-01
7.050865675547020039e-01
7.050865970462752985e-01
7.050866265378427089e-01
7.050866560294041241e-01
7.050866855209597661e-01
7.050867150125094129e-01
7.050867445040531756e-01
7.050867739955911651e-01
7.050868034871231593e-01
7.050868329786491584e-01
7.050868624701693843e-01
7.050868919616837260e-01
7.050869214531920726e-01
7.050869509446945349e-01
7.050869804361912241e-01
7.050870099276819181e-01
7.050870394191667279e-01
7.050870689106455425e-01
7.050870984021185839e-01
7.050871278935857411e-01
7.050871573850469032e-01
7.050871868765021810e-01
7.050872163679516857e-01
7.050872458593951952e-01
7.050872753508328206e-01
7.050873048422644507e-01
7.050873343336903076e-01
7.050873638251102804e-01
7.050873933165242580e-01
7.050874228079323514e-01
7.050874522993346716e-01
7.050874817907309966e-01
7.050875112821213264e-01
7.050875407735058831e-01
7.050875702648845555e-01
7.050875997562572328e-01
7.050876292476241369e-01
7.050876587389850458e-01
7.050876882303400706e-01
7.050877177216892111e-01
7.050877472130324675e-01
7.050877767043698396e-01
7.050878061957013276e-01
7.050878356870268204e-01
7.050878651783464290e-01
7.050878946696602645e-01
7.050879241609681047e-01
7.050879536522700608e-01
7.050879831435661327e-01
7.050880126348562094e-01
7.050880421261405129e-01
7.050880716174189322e-01
7.050881011086913563e-01
7.050881305999578963e-01
7.050881600912185521e-01
7.050881895824733236e-01
7.050882190737222110e-01
7.050882485649652143e-01
7.050882780562022223e-01
7.050883075474334571e-01
7.050883370386586968e-01
7.050883665298780523e-01
7.050883960210916346e-01
7.050884255122992217e-01
7.050884550035008136e-01
7.050884844946966323e-01
7.050885139858865669e-01
7.050885434770705062e-01
7.050885729682485614e-01
7.050886024594208434e-01
7.050886319505871302e-01
7.050886614417475329e-01
7.050886909329020513e-01
7.050887204240505746e-01
7.050887499151933246e-01
7.050887794063300795e-01
7.050888088974610612e-01
7.050888383885860478e-01
7.050888678797051501e-01
7.050888973708183682e-01
