6.104760184518029931e-01
6.104760231343527854e-01
6.104760199598415760e-01
6.104760333386339832e-01
6.104760311274035622e-01
6.104760581896820915e-01
6.104760856275845970e-01
6.104761161795894120e-01
6.104761449408093732e-01
6.104761771121822722e-01
6.104762087637889412e-01
6.104762445089143563e-01
6.104762631748635870e-01
6.104762979477922347e-01
6.104763294046035016e-01
6.104763429686593801e-01
6.104763680709273110e-01
6.104763943195546938e-01
6.104764332722307785e-01
6.104764722248990916e-01
6.104765111775595221e-01
6.104765501302122921e-01
6.104765890828571795e-01
6.104766280354942953e-01
6.104766669881236396e-01
6.104767059407452123e-01
6.104767448933590135e-01
6.104767838459649321e-01
6.104768227985631901e-01
6.104768617511535655e-01
6.104769007037361694e-01
6.104769396563108907e-01
6.104769786088779515e-01
6.104770175614371297e-01
6.104770565139886473e-01
6.104770644296056981e-01
6.104770999886898197e-01
6.104771317614328119e-01
6.104771569192153358e-01
6.104771846039973582e-01
6.104771952157738157e-01
6.104772151687265502e-01
6.104772396331088480e-01
6.104772334796186861e-01
6.104772561660212205e-01
6.104772903004498374e-01
6.104773165694989956e-01
6.104773555219699110e-01
6.104773867337145443e-01
6.104774186204703357e-01
6.104774312528126190e-01
6.104774520037222763e-01
6.104774702370867612e-01
6.104774928594493000e-01
6.104775318118753624e-01
6.104775707642935423e-01
6.104776097167039506e-01
6.104776486691065873e-01
6.104776876215014525e-01
6.104777265738884351e-01
6.104777655262677571e-01
6.104778044786391966e-01
6.104778434310028645e-01
6.104778823833587609e-01
6.104779177547260405e-01
6.104779424515924813e-01
6.104779748796983485e-01
6.104780085565494341e-01
6.104780392350540597e-01
6.104780634371835824e-01
6.104781000567065519e-01
6.104781206255374126e-01
6.104781571131604467e-01
6.104781960654460660e-01
6.104782350177238026e-01
6.104782739699937677e-01
6.104783129222559612e-01
6.104783518745103832e-01
6.104783908267570336e-01
6.104784297789958014e-01
6.104784687312269087e-01
6.104785076834501334e-01
6.104785466356655865e-01
6.104785855878732681e-01
6.104786245400730671e-01
6.104786370548325181e-01
6.104786666525275907e-01
6.104786956681347299e-01
6.104787180287483128e-01
6.104787233715329720e-01
6.104787413732037926e-01
6.104787422451968260e-01
6.104787682056880271e-01
6.104788033576097339e-01
6.104788328623317328e-01
6.104788667215294007e-01
6.104788769908411350e-01
6.104789068795203333e-01
6.104789348410927241e-01
6.104789443535776350e-01
