6.274424725393387137e-01
6.274424097994203420e-01
6.274423470590202445e-01
6.274422843169022990e-01
6.274422215757855525e-01
6.274421588319624155e-01
6.274420960906236244e-01
6.274420333495446256e-01
6.274419706084780612e-01
6.274419078679186468e-01
6.274418451271244201e-01
6.274417823856012211e-01
6.274417196445849498e-01
6.274416569025924595e-01
6.274415941593766144e-01
6.274415314179035974e-01
6.274414686769375082e-01
6.274414059367255936e-01
6.274413431943014485e-01
6.274412804526313669e-01
6.274412177112211886e-01
6.274411549705650737e-01
6.274410922281911107e-01
6.274410294850881753e-01
6.274409667419977854e-01
6.274409039999087057e-01
6.274408412593153184e-01
6.274407785199703769e-01
6.274407157798964629e-01
6.274406530388463299e-01
6.274405902980558780e-01
6.274405275545590355e-01
6.274404648118161454e-01
6.274404020720522057e-01
6.274403393300760357e-01
6.274402765878652755e-01
6.274402138488804903e-01
6.274401511066948212e-01
6.274400883652632155e-01
6.274400256235970197e-01
6.274399628821905051e-01
6.274399001400550180e-01
6.274398373976848298e-01
6.274397746568103340e-01
6.274397119176786664e-01
6.274396491755933614e-01
6.274395864342622309e-01
6.274395236914603879e-01
6.274394609496599662e-01
6.274393982083664723e-01
6.274393354695573244e-01
6.274392727285360571e-01
6.274392099887633467e-01
6.274391472492503175e-01
6.274390845082666868e-01
6.274390217685316129e-01
6.274389590268315553e-01
6.274388962886046084e-01
6.274388335489071711e-01
6.274387708084806503e-01
6.274387080690554397e-01
6.274386453308787859e-01
6.274385825897483837e-01
6.274385198486305271e-01
6.274384571107386455e-01
6.274383943708817801e-01
6.274383316302959424e-01
6.274382688894754034e-01
6.274382061526225796e-01
6.274381434147934256e-01
6.274380806777184461e-01
6.274380179441166883e-01
6.274379552117633763e-01
6.274378924759619336e-01
6.274378297404202831e-01
6.274377670021720199e-01
6.274377042666554605e-01
6.274376415318929645e-01
6.274375787944239669e-01
6.274375160586977973e-01
6.274374533202651261e-01
6.274373905830810116e-01
6.274373278473924787e-01
6.274372651117164912e-01
6.274372023760530492e-01
6.274371396371887233e-01
6.274370769010559901e-01
6.274370141624638908e-01
6.274369514241316947e-01
6.274368886895197450e-01
6.274368259519541580e-01
6.274367632158841523e-01
6.274367004788379276e-01
6.274366377408155948e-01
6.274365750015699073e-01
6.274365122648085658e-01
6.274364495243519579e-01
6.274363867883573365e-01
6.274363240531167785e-01
6.274362613166528657e-01
