2.451412968904851178e-02 9.754858703259178254e-01
2.451412823762132154e-02 9.754858717773451371e-01
2.451412678619441926e-02 9.754858732287720047e-01
2.451412533476780842e-02 9.754858746801986502e-01
2.451412388334148554e-02 9.754858761316249627e-01
2.451412243191545756e-02 9.754858775830510531e-01
2.451412098048971408e-02 9.754858790344768105e-01
2.451411952906426550e-02 9.754858804859022348e-01
2.451411807763910489e-02 9.754858819373274370e-01
2.451411695955056994e-02 9.754858830554159477e-01
2.451411617479855309e-02 9.754858838401678778e-01
2.451411539004669585e-02 9.754858846249196969e-01
2.451411460529499819e-02 9.754858854096712939e-01
2.451411382054345320e-02 9.754858861944226689e-01
2.451411303579206780e-02 9.754858869791740439e-01
2.451411225104083852e-02 9.754858877639251968e-01
2.451411113295366706e-02 9.754858888820122642e-01
2.451411001486672112e-02 9.754858900000992206e-01
2.451410889677999375e-02 9.754858911181858439e-01
2.451410777869349536e-02 9.754858922362723561e-01
2.451410666060721555e-02 9.754858933543586463e-01
2.451410554252116472e-02 9.754858944724446035e-01
2.451410442443533247e-02 9.754858955905304496e-01
2.451410297301385988e-02 9.754858970419518771e-01
2.451410118825684409e-02 9.754858988267089970e-01
2.451409940350018218e-02 9.754859006114657838e-01
2.451409761874387763e-02 9.754859023962221265e-01
2.451409583398793390e-02 9.754859041809781361e-01
2.451409404923234406e-02 9.754859059657338127e-01
2.451409259781277966e-02 9.754859074171533528e-01
2.451409114639350670e-02 9.754859088685726709e-01
2.451409002831012041e-02 9.754859099866560745e-01
2.451408891022695963e-02 9.754859111047391451e-01
2.451408812547955715e-02 9.754859118894865233e-01
2.451408734073231080e-02 9.754859126742336795e-01
2.451408622264975370e-02 9.754859137923161949e-01
2.451408477123198648e-02 9.754859152437339587e-01
2.451408331981451416e-02 9.754859166951515004e-01
2.451408153506196008e-02 9.754859184799040683e-01
2.451407975030976336e-02 9.754859202646563032e-01
2.451407796555792398e-02 9.754859220494082050e-01
2.451407651414170760e-02 9.754859235008245255e-01
2.451407506272578612e-02 9.754859249522404019e-01
2.451407361131015261e-02 9.754859264036560562e-01
2.451407215989481053e-02 9.754859278550714885e-01
2.451407070847975642e-02 9.754859293064865877e-01
2.451406925706499373e-02 9.754859307579013539e-01
2.451406747231545460e-02 9.754859325426509242e-01
2.451406568756626936e-02 9.754859343274001615e-01
2.451406390281744146e-02 9.754859361121490657e-01
2.451406211806897092e-02 9.754859378968976369e-01
2.451406033332085774e-02 9.754859396816458750e-01
2.451405888190800325e-02 9.754859411330587537e-01
2.451405743049544020e-02 9.754859425844712995e-01
2.451405597908316858e-02 9.754859440358836231e-01
2.451405452767118492e-02 9.754859454872956137e-01
2.451405307625949270e-02 9.754859469387072712e-01
2.451405162484808845e-02 9.754859483901187067e-01
2.451405050677167574e-02 9.754859495081951160e-01
2.451404905536081966e-02 9.754859509596059963e-01
2.451404760395025501e-02 9.754859524110165436e-01
2.451404615253998179e-02 9.754859538624268689e-01
2.451404470112999653e-02 9.754859553138368611e-01
2.451404324972030271e-02 9.754859567652466312e-01
2.451404213164539575e-02 9.754859578833214862e-01
2.451404068023625010e-02 9.754859593347305902e-01
2.451403922882739242e-02 9.754859607861394721e-01
2.451403777741882617e-02 9.754859622375481321e-01
2.451403632601055135e-02 9.754859636889563479e-01
2.451403487460256450e-02 9.754859651403644527e-01
2.451403342319486908e-02 9.754859665917721134e-01
2.451403197178746510e-02 9.754859680431795521e-01
2.451403052038034908e-02 9.754859694945866577e-01
2.451402973564192206e-02 9.754859702793250431e-01
2.451402895090365464e-02 9.754859710640632064e-01
2.451402816616553987e-02 9.754859718488012588e-01
2.451402771476168460e-02 9.754859723002051730e-01
2.451402726335791954e-02 9.754859727516089762e-01
2.451402681195424468e-02 9.754859732030126684e-01
2.451402669388466279e-02 9.754859733210822226e-01
2.451402590914716906e-02 9.754859741058196088e-01
2.451402512440983145e-02 9.754859748905568839e-01
2.451402433967264996e-02 9.754859756752939370e-01
2.451402322160176062e-02 9.754859767933647952e-01
2.451402210353109679e-02 9.754859779114354312e-01
2.451402065212685347e-02 9.754859793628397613e-01
2.451401920072290158e-02 9.754859808142436473e-01
2.451401774931924113e-02 9.754859822656474222e-01
2.451401663124956956e-02 9.754859833837170591e-01
2.451401551318012351e-02 9.754859845017864739e-01
2.451401439511089950e-02 9.754859856198556667e-01
2.451401327704189753e-02 9.754859867379245264e-01
2.451401215897312108e-02 9.754859878559932751e-01
2.451401170757163545e-02 9.754859883073948579e-01
2.451401125617023655e-02 9.754859887587963296e-01
2.451401080476892785e-02 9.754859892101976904e-01
2.451401035336771284e-02 9.754859896615989401e-01
2.451401023529998710e-02 9.754859897796666068e-01
2.451401011723228565e-02 9.754859898977342736e-01
2.451400966583127533e-02 9.754859903491354123e-01
