1.738381267946994668e-04
1.738381183294214548e-04
1.738381031751170213e-04
1.738380880208156235e-04
1.738380907039219377e-04
1.738380866980016406e-04
1.738380782327318685e-04
1.738380630784390360e-04
1.738380568428479994e-04
1.738380483775837568e-04
1.738380309936241963e-04
1.738380136096681053e-04
1.738379984553893132e-04
1.738379966791550157e-04
1.738379993622677809e-04
1.738379908970143532e-04
1.738379868911084489e-04
1.738379873445487127e-04
1.738379766496265513e-04
1.738379771030677638e-04
1.738379641784767332e-04
1.738379490242165351e-04
1.738379383293024781e-04
1.738379387827473227e-04
1.738379213988230801e-04
1.738379107039149862e-04
1.738379000090090607e-04
1.738378893141052765e-04
1.738378741598631575e-04
1.738378612352940548e-04
1.738378483107275543e-04
1.738378309268245078e-04
1.738378202319329751e-04
1.738378050777053302e-04
1.738378033014941263e-04
1.738377926066085567e-04
1.738377774523882301e-04
1.738377622981709394e-04
1.738377471439566844e-04
1.738377319897454381e-04
1.738377168355372546e-04
1.738377083703340797e-04
1.738376999051326123e-04
1.738377137366017313e-04
1.738377030417347286e-04
1.738376968062027811e-04
1.738376794223409885e-04
1.738376620384826383e-04
1.738376491139593161e-04
1.738376361894385959e-04
1.738376321835817518e-04
1.738376147997350838e-04
1.738375996455567972e-04
1.738376000990341408e-04
1.738375916338536799e-04
1.738375831686748724e-04
1.738375791628257532e-04
1.738375640086586068e-04
1.738375533138215552e-04
1.738375403893233323e-04
1.738375475317955742e-04
1.738375323776376435e-04
1.738375239124707080e-04
1.738375199066303166e-04
1.738375047524797043e-04
1.738374895983321006e-04
1.738374744441875599e-04
1.738374592900460277e-04
1.738374441359075314e-04
1.738374401300775212e-04
1.738374338945874510e-04
1.738374276590986276e-04
1.738374102753089344e-04
1.738374040398237160e-04
1.738373888856998293e-04
1.738373826502179989e-04
1.738373674960992893e-04
1.738373634902801482e-04
1.738373594844618204e-04
1.738373666269385888e-04
1.738373581618034476e-04
1.738373474670116073e-04
1.738373546094874541e-04
1.738373483740140264e-04
1.738373354495686041e-04
1.738373180658107323e-04
1.738373029117136254e-04
1.738372922169337113e-04
1.738372837518128002e-04
1.738372708273803070e-04
1.738372824291709072e-04
1.738372784233658608e-04
1.738372721879056875e-04
1.738372592634795097e-04
1.738372463390559070e-04
1.738372378739455127e-04
1.738372405571121627e-04
1.738372298623491621e-04
1.738372258565521931e-04
1.738372329990280670e-04
