6.380047817051716086e-01
6.380048179050481494e-01
6.380048541049175848e-01
6.380048742417343544e-01
6.380048749669108288e-01
6.380048624610492602e-01
6.380048986608997108e-01
6.380049348607428339e-01
6.380049710605787405e-01
6.380050072604074307e-01
6.380050434602289045e-01
6.380050550944327270e-01
6.380050810144280993e-01
6.380051172142312543e-01
6.380051534140273040e-01
6.380051791368819281e-01
6.380051565955636717e-01
6.380051708862165549e-01
6.380051984651469166e-01
6.380052346649166539e-01
6.380052708646791748e-01
6.380053007468006188e-01
6.380053369465492619e-01
6.380053731462906885e-01
6.380053774900288355e-01
6.380054136897589379e-01
6.380054498894818238e-01
6.380054766682911049e-01
6.380054928259307756e-01
6.380055177304994052e-01
6.380055539301974221e-01
6.380055901298882226e-01
6.380056263295716956e-01
6.380056625292480632e-01
6.380056987289171033e-01
6.380057273356015690e-01
6.380057635352569534e-01
6.380057486716973481e-01
6.380057424602585403e-01
6.380057576359956517e-01
6.380057292273048075e-01
6.380057435469651539e-01
6.380057185441206924e-01
6.380057187585687073e-01
6.380057170271362654e-01
6.380057532267601195e-01
6.380057794088016543e-01
6.380058156084119636e-01
6.380058518080149454e-01
6.380058880076108219e-01
6.380059213223292502e-01
6.380059575219108048e-01
6.380059772570774168e-01
6.380060067069280860e-01
6.380059826321264893e-01
6.380059776281269412e-01
6.380059968335566323e-01
6.380060230712398806e-01
6.380060153926336852e-01
6.380060132631749648e-01
6.380059980836032540e-01
6.380059579777822565e-01
6.380059140668863371e-01
6.380058721112628062e-01
6.380058268167748681e-01
6.380057806558976363e-01
6.380057400951731905e-01
6.380056939421361317e-01
6.380056440597475786e-01
6.380056114077085061e-01
6.380055643394889620e-01
6.380055175043833904e-01
6.380054750622903281e-01
6.380054358264092285e-01
6.380053945570516305e-01
6.380053784241831449e-01
6.380053474696316673e-01
6.380053058529853161e-01
6.380052666277791218e-01
6.380052263040179028e-01
6.380051882903442495e-01
6.380051786090195076e-01
6.380051542899997097e-01
6.380051146489954528e-01
6.380050935471380802e-01
6.380050919302935331e-01
6.380050680900162252e-01
6.380050878780813006e-01
6.380051045841615975e-01
6.380051195971830902e-01
6.380050786354953818e-01
6.380050435302034861e-01
6.380050446126785957e-01
6.380050298856947411e-01
6.380050071358687180e-01
6.380049963453762185e-01
6.380049976888069185e-01
6.380050170128416243e-01
6.380050388271731876e-01
6.380050417838657451e-01
