1.909340592472923148e-01 8.090659407532682090e-01
1.909340494871240579e-01 8.090659505134363272e-01
1.909340387269480854e-01 8.090659612736124107e-01
1.909340269667646195e-01 8.090659730337957933e-01
1.909340153732517753e-01 8.090659846273086098e-01
1.909340026130636192e-01 8.090659973874968491e-01
1.909339891862051608e-01 8.090660108143552520e-01
1.909339759260175740e-01 8.090660240745428666e-01
1.909339638325099342e-01 8.090660361680503954e-01
1.909339514056683784e-01 8.090660485948920622e-01
1.909339393121656236e-01 8.090660606883947059e-01
1.909339290520147281e-01 8.090660709485456570e-01
1.909339206252151921e-01 8.090660793753452484e-01
1.909339145317707209e-01 8.090660854687897752e-01
1.909339066049785261e-01 8.090660933955818868e-01
1.909338981781837641e-01 8.090661018223767043e-01
1.909338914180711555e-01 8.090661085824893961e-01
1.909338828246115449e-01 8.090661171759488957e-01
1.909338747311577211e-01 8.090661252694026917e-01
1.909338658043654990e-01 8.090661341961949971e-01
1.909338578775829354e-01 8.090661421229775607e-01
1.909338521174855641e-01 8.090661478830748488e-01
1.909338471907290891e-01 8.090661528098314070e-01
1.909338422639735855e-01 8.090661577365868551e-01
1.909338390038982369e-01 8.090661609966621759e-01
1.909338362438272596e-01 8.090661637567332365e-01
1.909338358171071837e-01 8.090661641834533402e-01
1.909338367237301270e-01 8.090661632768303413e-01
1.909338381303564425e-01 8.090661618702039704e-01
1.909338400369859912e-01 8.090661599635744494e-01
1.909338422769507604e-01 8.090661577236097912e-01
1.909338455169219129e-01 8.090661544836386110e-01
1.909338474235501293e-01 8.090661525770103113e-01
1.909338511635234048e-01 8.090661488370370913e-01
1.909338525701474443e-01 8.090661474304130518e-01
1.909338519767583842e-01 8.090661480238021674e-01
1.909338485500182703e-01 8.090661514505422813e-01
1.909338456232819448e-01 8.090661543772785791e-01
1.909338420298754557e-01 8.090661579706850404e-01
1.909338401031463461e-01 8.090661598974141500e-01
1.909338390097558846e-01 8.090661609908046392e-01
1.909338389163714456e-01 8.090661610841890505e-01
1.909338411563336613e-01 8.090661588442268348e-01
1.909338410629490002e-01 8.090661589376114682e-01
1.909338384695506430e-01 8.090661615310098531e-01
1.909338382094987185e-01 8.090661617910617220e-01
1.909338402827925607e-01 8.090661597177678521e-01
1.909338435227587172e-01 8.090661564778016679e-01
1.909338482627318534e-01 8.090661517378284762e-01
1.909338535027065575e-01 8.090661464978537998e-01
1.909338584093452640e-01 8.090661415912151488e-01
1.909338611493059112e-01 8.090661388512544461e-01
1.909338657226079261e-01 8.090661342779523757e-01
1.909338717959159770e-01 8.090661282046444081e-01
1.909338800358992283e-01 8.090661199646611568e-01
1.909338844425306214e-01 8.090661155580296526e-01
1.909338895158306515e-01 8.090661104847296503e-01
1.909338959224685939e-01 8.090661040780917634e-01
1.909339036624440600e-01 8.090660963381162141e-01
1.909339124024219958e-01 8.090660875981383615e-01
1.909339203090615888e-01 8.090660796914987962e-01
1.909339287157015008e-01 8.090660712848588565e-01
1.909339372890070108e-01 8.090660627115533465e-01
1.909339440289708756e-01 8.090660559715894262e-01
1.909339524356058748e-01 8.090660475649543715e-01
1.909339591755668808e-01 8.090660408249933377e-01
1.909339657488593189e-01 8.090660342517008718e-01
1.909339741554896275e-01 8.090660258450704800e-01
1.909339790621074340e-01 8.090660209384527013e-01
1.909339846353929060e-01 8.090660153651672015e-01
1.909339917086816385e-01 8.090660082918784690e-01
1.909339971152975990e-01 8.090660028852624253e-01
1.909340031885809752e-01 8.090659968119791046e-01
1.909340087618617843e-01 8.090659912386982677e-01
1.909340131684719444e-01 8.090659868320880799e-01
1.909340194084189479e-01 8.090659805921410763e-01
1.909340268150340192e-01 8.090659731855259773e-01
1.909340317216421390e-01 8.090659682789178575e-01
1.909340362949152325e-01 8.090659637056448750e-01
1.909340447015284159e-01 8.090659552990315806e-01
1.909340532748068919e-01 8.090659467257531601e-01
1.909340626814184927e-01 8.090659373191415593e-01
1.909340719213612758e-01 8.090659280791987484e-01
1.909340831613053902e-01 8.090659168392545508e-01
1.909340935679126605e-01 8.090659064326473082e-01
1.909341059745206792e-01 8.090658940260392340e-01
1.909341170477911465e-01 8.090658829527688223e-01
1.909341307877292782e-01 8.090658692128307461e-01
1.909341428609961366e-01 8.090658571395638043e-01
1.909341554342610936e-01 8.090658445662989307e-01
1.909341681741903440e-01 8.090658318263695969e-01
1.909341799141162643e-01 8.090658200864436767e-01
1.909341948207087247e-01 8.090658051798512718e-01
1.909342075606302036e-01 8.090657924399298206e-01
1.909342199672156570e-01 8.090657800333442840e-01
1.909342343737994163e-01 8.090657656267605802e-01
1.909342449470458059e-01 8.090657550535140796e-01
1.909342545202898922e-01 8.090657454802699933e-01
1.909342662601989649e-01 8.090657337403609484e-01
1.909342778334389978e-01 8.090657221671209154e-01
