1.357057010275456539e-03
1.357056895714987789e-03
1.357056793953775918e-03
1.357056681062816968e-03
1.357056565945926989e-03
1.357056456393942968e-03
1.357056331260310996e-03
1.357056217812955320e-03
1.357056105478598442e-03
1.357055994813728163e-03
1.357055885818343830e-03
1.357055785726788127e-03
1.357055685078764574e-03
1.357055623384908170e-03
1.357055525519359823e-03
1.357055425984368029e-03
1.357055335353198359e-03
1.357055233035807471e-03
1.357055155203888610e-03
1.357055043982736530e-03
1.357054953351641237e-03
1.357054859381640185e-03
1.357054778767353238e-03
1.357054690918747895e-03
1.357054618095314630e-03
1.357054541932973223e-03
1.357054488030130530e-03
1.357054433014324600e-03
1.357054362416894137e-03
1.357054315191928663e-03
1.357054277427249475e-03
1.357054230758788713e-03
1.357054182420876914e-03
1.357054129074594662e-03
1.357054062929130339e-03
1.357054013478276554e-03
1.357053942324458039e-03
1.357053867831735068e-03
1.357053795008486118e-03
1.357053739436329216e-03
1.357053684420669653e-03
1.357053617162323408e-03
1.357053561590200984e-03
1.357053511582951124e-03
1.357053424291143227e-03
1.357053370388514556e-03
1.357053322050756714e-03
1.357053284842726871e-03
1.357053224262297960e-03
1.357053176481055022e-03
1.357053132595221904e-03
1.357053100952082840e-03
1.357053084890548142e-03
1.357053059368761635e-03
1.357053018821870920e-03
1.357052982726871969e-03
1.357052937728113777e-03
1.357052898294218175e-03
1.357052877224345548e-03
1.357052889543592517e-03
1.357052874038576842e-03
1.357052886914306622e-03
1.357052869739839044e-03
1.357052823071668414e-03
1.357052813131515547e-03
1.357052779262513109e-03
1.357052750401881343e-03
1.357052725993133533e-03
1.357052675429607294e-03
1.357052647125479372e-03
1.357052607691664001e-03
1.357052582726455715e-03
1.357052587811417030e-03
1.357052545038712598e-03
1.357052520630002519e-03
1.357052495664812881e-03
1.357052482942283037e-03
1.357052449629838438e-03
1.357052411865527011e-03
1.357052391352231522e-03
1.357052384194557980e-03
1.357052360898849301e-03
1.357052340942048983e-03
1.357052361608578669e-03
1.357052349999040034e-03
1.357052357309953194e-03
1.357052370185702489e-03
1.357052414781019945e-03
1.357052419865989717e-03
1.357052428846343937e-03
1.357052450625817345e-03
1.357052471292319491e-03
1.357052509209803314e-03
1.357052540449479525e-03
1.357052565567832885e-03
1.357052571765750715e-03
1.357052586310915267e-03
1.357052581379167115e-03
1.357052585351149364e-03
1.357052619929697071e-03
