6.804087093791750807e-01
6.804086413376373432e-01
6.804085732961132615e-01
6.804085052546027246e-01
6.804084372131057323e-01
6.804083691716225069e-01
6.804083011301527151e-01
6.804082330886966901e-01
6.804081650472542098e-01
6.804080970058252742e-01
6.804080289644099944e-01
6.804079609230083703e-01
6.804078928816202909e-01
6.804078248402458673e-01
6.804077567988849884e-01
6.804076887575377652e-01
6.804076207162041978e-01
6.804075526748841751e-01
6.804074846335778082e-01
6.804074165922849859e-01
6.804073485510058195e-01
6.804072805097401977e-01
6.804072124684882317e-01
6.804071444272499214e-01
6.804070763860251558e-01
6.804070083448140460e-01
6.804069403036164809e-01
6.804068722624325716e-01
6.804068042212622069e-01
6.804067361801054981e-01
6.804066681389624449e-01
6.804066000978329365e-01
6.804065320567169728e-01
6.804064640156147759e-01
6.804063959745261236e-01
6.804063279334510161e-01
6.804062598923895644e-01
6.804061918513417684e-01
6.804061238103075171e-01
6.804060557692868105e-01
6.804059877282798707e-01
6.804059196872864757e-01
6.804058516463066253e-01
6.804057836053404307e-01
6.804057155643878918e-01
6.804056475234488977e-01
6.804055794825234482e-01
6.804055114416117656e-01
6.804054434007136276e-01
6.804053753598290344e-01
6.804053073189580969e-01
6.804052392781008152e-01
6.804051712372570782e-01
6.804051031964269969e-01
6.804050351556104603e-01
6.804049671148075795e-01
6.804048990740182434e-01
6.804048310332425631e-01
6.804047629924805385e-01
6.804046949517320586e-01
6.804046269109972345e-01
6.804045588702759551e-01
6.804044908295683314e-01
6.804044227888742524e-01
6.804043547481938292e-01
6.804042867075270618e-01
6.804042186668738390e-01
6.804041506262342720e-01
6.804040825856082497e-01
6.804040145449958832e-01
6.804039465043970614e-01
6.804038784638118953e-01
6.804038104232403850e-01
6.804037423826824194e-01
6.804036743421381095e-01
6.804036063016073443e-01
6.804035382610902349e-01
6.804034702205867813e-01
6.804034021800968723e-01
6.804033341396205081e-01
6.804032660991577997e-01
6.804031980587087469e-01
6.804031300182732389e-01
6.804030619778513866e-01
6.804029939374431901e-01
6.804029258970485383e-01
6.804028578566674312e-01
6.804027898162999799e-01
6.804027217759461843e-01
6.804026537356059334e-01
6.804025856952793383e-01
6.804025176549663989e-01
6.804024496146670042e-01
6.804023815743811543e-01
6.804023135341089601e-01
6.804022454938504216e-01
6.804021774536054279e-01
6.804021094133740899e-01
6.804020413731564076e-01
6.804019733329522701e-01
