6.045625722971195160e-01
6.045626118412498196e-01
6.045626513853722406e-01
6.045626909294866680e-01
6.045627304735933238e-01
6.045627700176919861e-01
6.045628095617827658e-01
6.045628491058655518e-01
6.045628886499404553e-01
6.045629281940075872e-01
6.045629677380666145e-01
6.045630072821178702e-01
6.045630468261611323e-01
6.045630863701966229e-01
6.045631259142240088e-01
6.045631654582436232e-01
6.045632050022553550e-01
6.045632096612612028e-01
6.045632416137203258e-01
6.045632629106993949e-01
6.045632678491489331e-01
6.045633073931305779e-01
6.045633469371043400e-01
6.045633864810702196e-01
6.045634260250281056e-01
6.045634655689781090e-01
6.045635051129202298e-01
6.045635446568544680e-01
6.045635842007808236e-01
6.045636237446991856e-01
6.045636632886096651e-01
6.045637028325122619e-01
6.045637423764068652e-01
6.045637819202935859e-01
6.045638214641724240e-01
6.045638610080433795e-01
6.045639005519064524e-01
6.045639400957615317e-01
6.045639796396087284e-01
6.045640191834480426e-01
6.045640587272794741e-01
6.045640982711029121e-01
6.045641378149184675e-01
6.045641773587261403e-01
6.045642169025259305e-01
6.045642472595513794e-01
6.045642832469264594e-01
6.045643013645272124e-01
6.045643247377902041e-01
6.045643507451469167e-01
6.045643902889055177e-01
6.045644298326563471e-01
6.045644693763991828e-01
6.045645089201341360e-01
6.045645484638612066e-01
6.045645880075803946e-01
6.045646275512915890e-01
6.045646670949949009e-01
6.045647066386903301e-01
6.045647461823778768e-01
6.045647857260575408e-01
6.045648252697292113e-01
6.045648648133929992e-01
6.045649043570487935e-01
6.045649439006968162e-01
6.045649834443368453e-01
6.045650229879689919e-01
6.045650625315932558e-01
6.045651020752096372e-01
6.045651416188180249e-01
6.045651811624185301e-01
6.045652207060111527e-01
6.045652602495957817e-01
6.045652997931726391e-01
6.045653393367415029e-01
6.045653788803024842e-01
6.045654184238555828e-01
6.045654508947033712e-01
6.045654814156659063e-01
6.045655117849930704e-01
6.045655476643496673e-01
6.045655772529608951e-01
6.045655989079687931e-01
6.045656344264030979e-01
6.045656678182607102e-01
6.045656975572243352e-01
6.045657323801484351e-01
6.045657698058256591e-01
6.045658022126928488e-01
6.045658306721811703e-01
6.045658582243947921e-01
6.045658883380085058e-01
6.045659242561315372e-01
6.045659582080809002e-01
6.045659883454851391e-01
6.045660230655919287e-01
6.045660626090014755e-01
6.045661021524031398e-01
6.045661416957968104e-01
6.045661812391827095e-01
