6.571409616967459622e-01
6.571409959829856984e-01
6.571410302692187733e-01
6.571410645554448537e-01
6.571410988416641619e-01
6.571411331278764756e-01
6.571411674140820169e-01
6.571412017002807859e-01
6.571412359864725605e-01
6.571412702726575628e-01
6.571413045588356816e-01
6.571413388450069171e-01
6.571413731311713802e-01
6.571414074173288489e-01
6.571414417034795452e-01
6.571414759896234692e-01
6.571415102757603988e-01
6.571415445618905560e-01
6.571415788480138298e-01
6.571416131341302203e-01
6.571416351131285083e-01
6.571416693992323532e-01
6.571417036853294258e-01
6.571417379714196150e-01
6.571417722575030318e-01
6.571418065435794542e-01
6.571418408296491043e-01
6.571418751157118709e-01
6.571419094017678653e-01
6.571419436878168652e-01
6.571419779738590927e-01
6.571420122598944369e-01
6.571420465459228977e-01
6.571420723990232249e-01
6.571421066850388071e-01
6.571421409710476169e-01
6.571421752570495434e-01
6.571422095430445864e-01
6.571422438290327461e-01
6.571422781150140224e-01
6.571423124009885264e-01
6.571423466869561469e-01
6.571423809729168841e-01
6.571424152588708489e-01
6.571424495448178194e-01
6.571424838307580174e-01
6.571425181166914431e-01
6.571425524026178744e-01
6.571425866885375333e-01
6.571426209744501978e-01
6.571426552603562010e-01
6.571426895462552098e-01
6.571427238321473352e-01
6.571427581180326882e-01
6.571427924039111579e-01
6.571428266897828552e-01
6.571428609756475581e-01
6.571428893480538713e-01
6.571429236339054736e-01
6.571429579197501925e-01
6.571429864260065479e-01
6.571429959077359495e-01
6.571430203634667233e-01
6.571430426732931540e-01
6.571430769591087850e-01
6.571431112449177547e-01
6.571431455307197300e-01
6.571431798165149329e-01
6.571432141023031415e-01
6.571432483880846886e-01
6.571432667307268716e-01
6.571433010164962063e-01
6.571433151867734912e-01
6.571433326901228167e-01
6.571433669758751650e-01
6.571433735276864807e-01
6.571434078134280599e-01
6.571434311652708526e-01
6.571434654509997753e-01
6.571434997367218145e-01
6.571435340224369703e-01
6.571435430311458603e-01
6.571435708278609011e-01
6.571436051135586265e-01
6.571436393992495795e-01
6.571436736849336491e-01
6.571437079706108353e-01
6.571437422562811381e-01
6.571437765419446686e-01
6.571438108276013157e-01
6.571438451132510794e-01
6.571438793988939597e-01
6.571439136845300677e-01
6.571439360543204211e-01
6.571439703399439836e-01
6.571440046255606626e-01
6.571440389111704583e-01
6.571440731967734816e-01
6.571441074823696216e-01
6.571441417679588781e-01
