3.047787155093257261e-01 6.952212844907902367e-01
3.047786954312574070e-01 6.952213045688585558e-01
3.047786756865296098e-01 6.952213243135862974e-01
3.047786559418058649e-01 6.952213440583100423e-01
3.047786347304053955e-01 6.952213652697104562e-01
3.047786117856595700e-01 6.952213882144562263e-01
3.047785895742584628e-01 6.952214104258573890e-01
3.047785666295217410e-01 6.952214333705940552e-01
3.047785448181332124e-01 6.952214551819825283e-01
3.047785236734217862e-01 6.952214763266939546e-01
3.047785019287092001e-01 6.952214980714064296e-01
3.047784819840168580e-01 6.952215180160988828e-01
3.047784637726768664e-01 6.952215362274388744e-01
3.047784444946647353e-01 6.952215555054510610e-01
3.047784264833338086e-01 6.952215735167819322e-01
3.047784074719981917e-01 6.952215925281176601e-01
3.047783887940023750e-01 6.952216112061134767e-01
3.047783705826808687e-01 6.952216294174350386e-01
3.047783528380333951e-01 6.952216471620824567e-01
3.047783348267206760e-01 6.952216651733951203e-01
3.047783178154194750e-01 6.952216821846963768e-01
3.047783024708013433e-01 6.952216975293145085e-01
3.047782885261970942e-01 6.952217114739188686e-01
3.047782763816092588e-01 6.952217236185066485e-01
3.047782608369983270e-01 6.952217391631174692e-01
3.047782437590458859e-01 6.952217562410699658e-01
3.047782267477640028e-01 6.952217732523519045e-01
3.047782106031584615e-01 6.952217893969574458e-01
3.047781930585461430e-01 6.952218069415697643e-01
3.047781749806002805e-01 6.952218250195156823e-01
3.047781567693237936e-01 6.952218432307921692e-01
3.047781400913946448e-01 6.952218599087212070e-01
3.047781248801453846e-01 6.952218751199704672e-01
3.047781078022201995e-01 6.952218921978957633e-01
3.047780916576378618e-01 6.952219083424781010e-01
3.047780743130509840e-01 6.952219256870649788e-01
3.047780566351321885e-01 6.952219433649837743e-01
3.047780376905424027e-01 6.952219623095735601e-01
3.047780198792966466e-01 6.952219801208192607e-01
3.047780036680640681e-01 6.952219963320518392e-01
3.047779893901794712e-01 6.952220106099364916e-01
3.047779757789682575e-01 6.952220242211477608e-01
3.047779614344222066e-01 6.952220385656937562e-01
3.047779468232109101e-01 6.952220531769049972e-01
3.047779307453278297e-01 6.952220692547881331e-01
3.047779144007797814e-01 6.952220855993360704e-01
3.047778979895680029e-01 6.952221020105479043e-01
3.047778830450338372e-01 6.952221169550820701e-01
3.047778677671675873e-01 6.952221322329482645e-01
3.047778526893054063e-01 6.952221473108104455e-01
3.047778377447802334e-01 6.952221622553356184e-01
3.047778230002590183e-01 6.952221769998567780e-01
3.047778084557417055e-01 6.952221915443741462e-01
3.047777929778896500e-01 6.952222070222261463e-01
3.047777779667095177e-01 6.952222220334063341e-01
3.047777617555270657e-01 6.952222382445887305e-01
3.047777473443555873e-01 6.952222526557602089e-01
3.047777335998564374e-01 6.952222664002593033e-01
3.047777206553632934e-01 6.952222793447524474e-01
3.047777062442002527e-01 6.952222937559153770e-01
3.047776922997085802e-01 6.952223077004070495e-01
3.047776777552174132e-01 6.952223222448982165e-01
3.047776632773960825e-01 6.952223367227196027e-01
3.047776492662460091e-01 6.952223507338697317e-01
3.047776366551036009e-01 6.952223633450120843e-01
3.047776237106292196e-01 6.952223762894863546e-01
3.047776114994932284e-01 6.952223885006223458e-01
3.047776010216985965e-01 6.952223989784170888e-01
3.047775908105734843e-01 6.952224091895421454e-01
3.047775789994456308e-01 6.952224210006699989e-01
3.047775685216573827e-01 6.952224314784583026e-01
3.047775600438767940e-01 6.952224399562388912e-01
3.047775498327598975e-01 6.952224501673558432e-01
3.047775396216450550e-01 6.952224603784706858e-01
3.047775282771961192e-01 6.952224717229197326e-01
3.047775168660825651e-01 6.952224831340333422e-01
3.047775049883035825e-01 6.952224950118123248e-01
3.047774924438588218e-01 6.952225075562571410e-01
3.047774813660863447e-01 6.952225186340297292e-01
3.047774705549832208e-01 6.952225294451328530e-01
3.047774597438823174e-01 6.952225402562337564e-01
3.047774491327839286e-01 6.952225508673322008e-01
3.047774391216886425e-01 6.952225608784274868e-01
3.047774284439276338e-01 6.952225715561884956e-01
3.047774160994995984e-01 6.952225839006165309e-01
3.047774043550748879e-01 6.952225956450411859e-01
3.047773924773189980e-01 6.952226075227970759e-01
3.047773801328982901e-01 6.952226198672178947e-01
3.047773690551481285e-01 6.952226309449680564e-01
3.047773569773991054e-01 6.952226430227169685e-01
3.047773468996543555e-01 6.952226531004617183e-01
3.047773360219109273e-01 6.952226639782050910e-01
3.047773249441695920e-01 6.952226750559464818e-01
3.047773134664302219e-01 6.952226865336857964e-01
3.047773019220264001e-01 6.952226980780895627e-01
3.047772911109585814e-01 6.952227088891573814e-01
3.047772825665602259e-01 6.952227174335557924e-01
3.047772724888299645e-01 6.952227275112861093e-01
3.047772624777683736e-01 6.952227375223476447e-01
3.047772511333754486e-01 6.952227488667406252e-01
