8.284955725372174533e-04
8.284955075656091732e-04
8.284954395697462183e-04
8.284953730860304417e-04
8.284953036670099965e-04
8.284952330027171115e-04
8.284951647400618175e-04
8.284950924747147907e-04
8.284950238562911306e-04
8.284949550599832874e-04
8.284948835062707880e-04
8.284948165779190384e-04
8.284947506280192003e-04
8.284946834328473560e-04
8.284946191730040328e-04
8.284945497541353759e-04
8.284944844269311178e-04
8.284944207897693884e-04
8.284943570636715306e-04
8.284942918254550089e-04
8.284942313015428465e-04
8.284941713113360339e-04
8.284941141675051341e-04
8.284940588916117881e-04
8.284939985456447409e-04
8.284939351754289820e-04
8.284938722499703015e-04
8.284938096803193437e-04
8.284937512023264963e-04
8.284936868537239865e-04
8.284936233946224061e-04
8.284935645608706252e-04
8.284935049265915565e-04
8.284934397775004650e-04
8.284933797874507533e-04
8.284933169510527761e-04
8.284932555378474173e-04
8.284931875424476335e-04
8.284931227492157643e-04
8.284930640045099414e-04
8.284930066829951107e-04
8.284929527415426775e-04
8.284928959537426292e-04
8.284928388991080663e-04
8.284927764186154984e-04
8.284927115365214433e-04
8.284926492339513308e-04
8.284925894219560220e-04
8.284925297878698329e-04
8.284924718438196672e-04
8.284924126545004227e-04
8.284923552441652564e-04
8.284922967664582047e-04
8.284922327739500806e-04
8.284921720725522878e-04
8.284921121717039004e-04
8.284920546724789010e-04
8.284919969064197124e-04
8.284919400298575501e-04
8.284918844875350727e-04
8.284918289452236542e-04
8.284917667317838507e-04
8.284917089657823416e-04
8.284916507550499918e-04
8.284916011723335869e-04
8.284915501664512349e-04
8.284914976484548813e-04
8.284914526910892515e-04
8.284914045315879081e-04
8.284913533478486950e-04
8.284913027867588748e-04
8.284912552499260063e-04
8.284912066457215778e-04
8.284911562625583330e-04
8.284911021435720224e-04
8.284910490919773296e-04
8.284909975525159374e-04
8.284909480588775830e-04
8.284908961636431625e-04
8.284908421336582493e-04
8.284907930847922606e-04
8.284907398553635833e-04
8.284906906286208924e-04
8.284906424692679763e-04
8.284905846145575875e-04
8.284905380562945917e-04
8.284904860721942991e-04
8.284904331986215915e-04
8.284903790797832745e-04
8.284903368800250467e-04
8.284902833838451216e-04
8.284902319334858491e-04
8.284901859979284080e-04
8.284901365044504071e-04
8.284900862104483711e-04
8.284900384959547736e-04
8.284899961183635371e-04
8.284899476923028496e-04
8.284898979320289318e-04
8.284898497728323576e-04
