6.953526459105084934e-01
6.953525763745623811e-01
6.953525068386302577e-01
6.953524373027120120e-01
6.953523677668077552e-01
6.953522982309172651e-01
6.953522286950407638e-01
6.953521591591782514e-01
6.953520896233295057e-01
6.953520200874947488e-01
6.953519505516738697e-01
6.953518810158668684e-01
6.953518114800738559e-01
6.953517419442947212e-01
6.953516724085294642e-01
6.953516028727780851e-01
6.953515333370406948e-01
6.953514638013170712e-01
6.953513942656075475e-01
6.953513247299117905e-01
6.953512551942300224e-01
6.953511856585621320e-01
6.953511161229081194e-01
6.953510465872679847e-01
6.953509770516418387e-01
6.953509075160295705e-01
6.953508379804311801e-01
6.953507684448467785e-01
6.953506989092762547e-01
6.953506293737196087e-01
6.953505598381768404e-01
6.953504903026480610e-01
6.953504207671330484e-01
6.953503512316320245e-01
6.953502816961449895e-01
6.953502121606718323e-01
6.953501426252124418e-01
6.953500730897671511e-01
6.953500035543356272e-01
6.953499340189180922e-01
6.953498644835144349e-01
6.953497949481246554e-01
6.953497254127487537e-01
6.953496558773868408e-01
6.953495863420388057e-01
6.953495168067047594e-01
6.953494472713844798e-01
6.953493777360781891e-01
6.953493082007857762e-01
6.953492386655072410e-01
6.953491691302426947e-01
6.953490995949920261e-01
6.953490300597552354e-01
6.953489605245323224e-01
6.953488909893233982e-01
6.953488214541283519e-01
6.953487519189471833e-01
6.953486823837800035e-01
6.953486128486265905e-01
6.953485433134871663e-01
6.953484737783617309e-01
6.953484042432500623e-01
6.953483347081523824e-01
6.953482651730685804e-01
6.953481956379986562e-01
6.953481261029427207e-01
6.953480565679006631e-01
6.953479870328724832e-01
6.953479174978581812e-01
6.953478479628578679e-01
6.953477784278714324e-01
6.953477088928988747e-01
6.953476393579401948e-01
6.953475698229955038e-01
6.953475002880646905e-01
6.953474307531477550e-01
6.953473612182446972e-01
6.953472916833556283e-01
6.953472221484804372e-01
6.953471526136191239e-01
6.953470830787717993e-01
6.953470135439383526e-01
6.953469440091187836e-01
6.953468744743130925e-01
6.953468049395213901e-01
6.953467354047435656e-01
6.953466658699796188e-01
6.953465963352295498e-01
6.953465268004934696e-01
6.953464572657712672e-01
6.953463877310629426e-01
6.953463181963684958e-01
6.953462486616880378e-01
6.953461791270214576e-01
6.953461095923687552e-01
6.953460400577299305e-01
6.953459705231050947e-01
6.953459009884941366e-01
6.953458314538970564e-01
6.953457619193139649e-01
