3.541675562575499758e-02 9.645832443749630114e-01
3.541675208404473224e-02 9.645832479166732698e-01
3.541674854233516773e-02 9.645832514583828621e-01
3.541674500062631098e-02 9.645832550000916772e-01
3.541674145891816200e-02 9.645832585417998262e-01
3.541673791721072773e-02 9.645832620835073090e-01
3.541673437550399428e-02 9.645832656252140147e-01
3.541673083379797554e-02 9.645832691669200543e-01
3.541672729209266457e-02 9.645832727086253167e-01
3.541672375038806136e-02 9.645832762503299129e-01
3.541672020868416593e-02 9.645832797920338431e-01
3.541671666698097132e-02 9.645832833337369960e-01
3.541671312527849835e-02 9.645832868754394829e-01
3.541670958357672622e-02 9.645832904171413036e-01
3.541670604187566185e-02 9.645832939588423471e-01
3.541670250017530525e-02 9.645832975005427246e-01
3.541669895847566335e-02 9.645833010422423248e-01
3.541669541677672228e-02 9.645833045839412589e-01
3.541669187507849592e-02 9.645833081256395269e-01
3.541668833338097039e-02 9.645833116673370178e-01
3.541668479168415956e-02 9.645833152090338425e-01
3.541668124998805650e-02 9.645833187507300011e-01
3.541667770829266121e-02 9.645833222924253825e-01
3.541667416659797368e-02 9.645833258341200978e-01
3.541667062490399392e-02 9.645833293758140359e-01
3.541666708321072193e-02 9.645833329175073079e-01
3.541666354151815771e-02 9.645833364591998027e-01
3.541665999982630125e-02 9.645833400008917424e-01
3.541665645813515950e-02 9.645833435425829050e-01
3.541665291644471858e-02 9.645833470842732904e-01
3.541664937475499236e-02 9.645833506259630097e-01
3.541664583306596698e-02 9.645833541676520628e-01
3.541664229137765629e-02 9.645833577093403388e-01
3.541663874969005338e-02 9.645833612510279487e-01
3.541663520800315823e-02 9.645833647927148924e-01
3.541663166631697085e-02 9.645833683344010590e-01
3.541662812463149124e-02 9.645833718760865594e-01
3.541662458294671939e-02 9.645833754177712827e-01
3.541662104126265531e-02 9.645833789594553398e-01
3.541661749957930594e-02 9.645833825011387308e-01
3.541661395789665739e-02 9.645833860428213447e-01
3.541661041621471662e-02 9.645833895845032924e-01
3.541660687453349055e-02 9.645833931261845740e-01
3.541660333285297224e-02 9.645833966678650784e-01
3.541659979117315477e-02 9.645834002095448056e-01
3.541659624949405200e-02 9.645834037512239778e-01
3.541659270781565699e-02 9.645834072929023728e-01
3.541658916613796976e-02 9.645834108345799907e-01
3.541658562446099029e-02 9.645834143762570534e-01
3.541658208278471859e-02 9.645834179179333390e-01
3.541657854110915465e-02 9.645834214596088474e-01
3.541657499943430543e-02 9.645834250012836897e-01
3.541657145776015703e-02 9.645834285429578658e-01
3.541656791608671639e-02 9.645834320846312648e-01
3.541656437441399047e-02 9.645834356263039977e-01
3.541656083274197231e-02 9.645834391679760644e-01
3.541655729107065498e-02 9.645834427096473540e-01
3.541655374940005235e-02 9.645834462513179774e-01
3.541655020773015750e-02 9.645834497929878237e-01
3.541654666606097041e-02 9.645834533346570039e-01
3.541654312439249108e-02 9.645834568763255179e-01
3.541653958272471953e-02 9.645834604179932548e-01
3.541653604105765574e-02 9.645834639596603255e-01
3.541653249939129972e-02 9.645834675013267301e-01
3.541652895772565840e-02 9.645834710429923575e-01
3.541652541606071791e-02 9.645834745846573188e-01
3.541652187439649213e-02 9.645834781263215030e-01
3.541651833273296718e-02 9.645834816679850210e-01
3.541651479107015693e-02 9.645834852096478729e-01
3.541651124940805445e-02 9.645834887513099476e-01
3.541650770774665974e-02 9.645834922929713562e-01
3.541650416608597279e-02 9.645834958346319876e-01
3.541650062442599362e-02 9.645834993762920639e-01
3.541649708276672220e-02 9.645835029179512521e-01
3.541649354110815856e-02 9.645835064596098851e-01
3.541648999945030268e-02 9.645835100012677410e-01
3.541648645779316151e-02 9.645835135429248197e-01
3.541648291613672117e-02 9.645835170845813433e-01
3.541647937448098860e-02 9.645835206262369788e-01
3.541647583282597073e-02 9.645835241678920591e-01
3.541647229117166062e-02 9.645835277095463622e-01
3.541646874951805135e-02 9.645835312511999993e-01
3.541646520786515678e-02 9.645835347928528591e-01
3.541646166621296998e-02 9.645835383345050529e-01
3.541645812456149095e-02 9.645835418761564695e-01
3.541645458291071968e-02 9.645835454178073309e-01
3.541645104126065619e-02 9.645835489594573042e-01
3.541644749961130739e-02 9.645835525011067224e-01
3.541644395796265943e-02 9.645835560427553634e-01
3.541644041631471923e-02 9.645835595844033383e-01
3.541643687466749374e-02 9.645835631260505361e-01
3.541643333302096908e-02 9.645835666676970677e-01
3.541642979137515912e-02 9.645835702093428221e-01
3.541642624973005693e-02 9.645835737509879104e-01
3.541642270808566251e-02 9.645835772926323326e-01
3.541641916644196891e-02 9.645835808342760886e-01
3.541641562479899003e-02 9.645835843759190675e-01
3.541641208315671890e-02 9.645835879175612693e-01
3.541640854151516249e-02 9.645835914592028049e-01
3.541640499987430690e-02 9.645835950008436743e-01
