2.861635224930981353e-02
2.861634938764654260e-02
2.861634652598384759e-02
2.861634366432172158e-02
2.861634080266017149e-02
2.861633794099919040e-02
2.861633507933878176e-02
2.861633221767894905e-02
2.861632935601968533e-02
2.861632649436099407e-02
2.861632363270287527e-02
2.861632077104532892e-02
2.861631790938835851e-02
2.861631504773195708e-02
2.861631218607612812e-02
2.861630932442087161e-02
2.861630646276618756e-02
2.861630360111207597e-02
2.861630073945853336e-02
2.861629787780556669e-02
2.861629501615317248e-02
2.861629215450135072e-02
2.861628929285010142e-02
2.861628643119942111e-02
2.861628356954931673e-02
2.861628070789978481e-02
2.861627784625082188e-02
2.861627498460243488e-02
2.861627212295461686e-02
2.861626926130737478e-02
2.861626639966070168e-02
2.861626353801460451e-02
2.861626067636907633e-02
2.861625781472412408e-02
2.861625495307974082e-02
2.861625209143593002e-02
2.861624922979269167e-02
2.861624636815002926e-02
2.861624350650793583e-02
2.861624064486641486e-02
2.861623778322546635e-02
2.861623492158509030e-02
2.861623205994528671e-02
2.861622919830605558e-02
2.861622633666739690e-02
2.861622347502931069e-02
2.861622061339179693e-02
2.861621775175485563e-02
2.861621489011848332e-02
2.861621202848268694e-02
2.861620916684746302e-02
2.861620630521281156e-02
2.861620344357872908e-02
2.861620058194522254e-02
2.861619772031228498e-02
2.861619485867992335e-02
2.861619199704813418e-02
2.861618913541691400e-02
2.861618627378626628e-02
2.861618341215619449e-02
2.861618055052669168e-02
2.861617768889776134e-02
2.861617482726940692e-02
2.861617196564162149e-02
2.861616910401440853e-02
2.861616624238776802e-02
2.861616338076169996e-02
2.861616051913620784e-02
2.861615765751128471e-02
2.861615479588693403e-02
2.861615193426315581e-02
2.861614907263995006e-02
2.861614621101731329e-02
2.861614334939525245e-02
2.861614048777376407e-02
2.861613762615284814e-02
2.861613476453250468e-02
2.861613190291273021e-02
2.861612904129353166e-02
2.861612617967490557e-02
2.861612331805684847e-02
2.861612045643936730e-02
2.861611759482245512e-02
2.861611473320611887e-02
2.861611187159035161e-02
2.861610900997516027e-02
2.861610614836053793e-02
2.861610328674648804e-02
2.861610042513301408e-02
2.861609756352010911e-02
2.861609470190777660e-02
2.861609184029601655e-02
2.861608897868482895e-02
2.861608611707421382e-02
2.861608325546417461e-02
2.861608039385470439e-02
2.861607753224580317e-02
2.861607467063747787e-02
2.861607180902972503e-02
2.861606894742254464e-02
