2.483273159443906419e-02 9.751672684046690520e-01
2.483273161116606939e-02 9.751672683879419878e-01
2.483273162789306765e-02 9.751672683712149237e-01
2.483273151961886555e-02 9.751672684794892021e-01
2.483273191134943367e-02 9.751672680877585542e-01
2.483273242808110154e-02 9.751672675710268967e-01
2.483273306981382753e-02 9.751672669292942297e-01
2.483273358654527335e-02 9.751672664125627943e-01
2.483273397827547718e-02 9.751672660208325905e-01
2.483273412000335661e-02 9.751672658791047388e-01
2.483273426173120482e-02 9.751672657373769981e-01
2.483273440345902527e-02 9.751672655956492575e-01
2.483273479518899318e-02 9.751672652039192757e-01
2.483273531191995676e-02 9.751672646871883954e-01
2.483273595365188130e-02 9.751672640454563945e-01
2.483273622038052394e-02 9.751672637787277553e-01
2.483273673711119262e-02 9.751672632619972081e-01
2.483273762884483093e-02 9.751672623702636322e-01
2.483273852057829231e-02 9.751672614785301674e-01
2.483273903730857241e-02 9.751672609617999532e-01
2.483273980404072587e-02 9.751672601950677199e-01
2.483274057077272667e-02 9.751672594283357087e-01
2.483274158750650024e-02 9.751672584116019005e-01
2.483274272924101619e-02 9.751672572698673047e-01
2.483274387097531011e-02 9.751672561281329310e-01
2.483274513771029438e-02 9.751672548613979918e-01
2.483274640444502884e-02 9.751672535946632747e-01
2.483274729617681101e-02 9.751672527029315862e-01
2.483274818790841276e-02 9.751672518112000088e-01
2.483274895463895987e-02 9.751672510444694408e-01
2.483274984637021815e-02 9.751672501527381964e-01
2.483275036309874617e-02 9.751672496360097586e-01
2.483275050482465843e-02 9.751672494942839053e-01
2.483275077155136859e-02 9.751672492275572646e-01
2.483275103827802671e-02 9.751672489608306238e-01
2.483275130500462932e-02 9.751672486941039830e-01
2.483275144673038892e-02 9.751672485523783518e-01
2.483275171345689786e-02 9.751672482856518220e-01
2.483275198018335475e-02 9.751672480189254033e-01
2.483275212190900680e-02 9.751672478771997721e-01
2.483275226363463109e-02 9.751672477354742519e-01
2.483275240536022416e-02 9.751672475937487317e-01
2.483275292208792992e-02 9.751672470770210710e-01
2.483275318881413007e-02 9.751672468102948743e-01
2.483275345554027819e-02 9.751672465435687887e-01
2.483275397226772374e-02 9.751672460268414611e-01
2.483275436399440261e-02 9.751672456351146989e-01
2.483275488072165388e-02 9.751672451183874823e-01
2.483275552244943590e-02 9.751672444766597003e-01
2.483275616417709303e-02 9.751672438349320293e-01
2.483275718090646039e-02 9.751672428182026620e-01
2.483275832263622321e-02 9.751672416764728402e-01
2.483275958936634331e-02 9.751672404097427860e-01
2.483276085609621361e-02 9.751672391430129538e-01
2.483276199782526519e-02 9.751672380012837982e-01
2.483276313955409126e-02 9.751672368595548646e-01
2.483276428128268487e-02 9.751672357178261530e-01
2.483276517301000186e-02 9.751672348260989054e-01
2.483276606473714190e-02 9.751672339343718798e-01
2.483276708146460107e-02 9.751672329176443998e-01
2.483276822319234814e-02 9.751672317759165765e-01
2.483276936491986275e-02 9.751672306341889751e-01
2.483277050664715185e-02 9.751672294924615958e-01
2.483277164837421197e-02 9.751672283507344385e-01
2.483277266510060602e-02 9.751672273340080688e-01
2.483277368182679884e-02 9.751672263172818100e-01
2.483277494855360909e-02 9.751672250505550865e-01
2.483277609027977062e-02 9.751672239088288174e-01
2.483277673200414912e-02 9.751672232671044771e-01
2.483277762372915198e-02 9.751672223753794500e-01
2.483277851545397444e-02 9.751672214836547559e-01
2.483277940717861995e-02 9.751672205919300618e-01
2.483278029890308852e-02 9.751672197002057008e-01
2.483278131562770275e-02 9.751672186834811074e-01
2.483278245735242445e-02 9.751672175417562816e-01
2.483278372407721896e-02 9.751672162750315564e-01
2.483278511580204809e-02 9.751672148833065989e-01
2.483278625752605162e-02 9.751672137415825503e-01
2.483278752425008631e-02 9.751672124748586024e-01
2.483278829097286533e-02 9.751672117081356950e-01
2.483278893269525583e-02 9.751672110664133530e-01
2.483278957441751797e-02 9.751672104246911221e-01
2.483279059114028992e-02 9.751672094079683051e-01
2.483279198286345718e-02 9.751672080162451239e-01
2.483279337458634689e-02 9.751672066245221648e-01
2.483279451630860876e-02 9.751672054827997815e-01
2.483279590803096765e-02 9.751672040910774886e-01
2.483279692475259814e-02 9.751672030743557817e-01
2.483279781647388523e-02 9.751672021826345294e-01
2.483279883319512021e-02 9.751672011659132666e-01
2.483279997491626492e-02 9.751672000241921046e-01
2.483280124163728120e-02 9.751671987574711542e-01
2.483280275835822101e-02 9.751671972407502942e-01
2.483280427507885552e-02 9.751671957240297672e-01
2.483280591679925056e-02 9.751671940823093410e-01
2.483280768351936799e-02 9.751671923155892374e-01
2.483280957523916616e-02 9.751671904238694566e-01
2.483281159195861384e-02 9.751671884071499985e-01
2.483281373367766942e-02 9.751671862654308631e-01
2.483281575039629832e-02 9.751671842487122932e-01
