6.455615381093654515e-05
6.455615173577641949e-05
6.455614966061671396e-05
6.455614695966918897e-05
6.455614551029853617e-05
6.455614499961035118e-05
6.455614636628641061e-05
6.455614742006820117e-05
6.455614471912223473e-05
6.455614326975254416e-05
6.455614651379162829e-05
6.455615507702580223e-05
6.455615988553223272e-05
6.455616531982530360e-05
6.455616606071069754e-05
6.455616774027714982e-05
6.455617161009925581e-05
6.455617547992057576e-05
6.455617966263478222e-05
6.455617883905028192e-05
6.455618239597614037e-05
6.455618157239153166e-05
6.455618325195525988e-05
6.455618868624056516e-05
6.455619099159017483e-05
6.455619360983276588e-05
6.455620092147578326e-05
6.455620385261021728e-05
6.455620584506405375e-05
6.455621034066392322e-05
6.455621170733015707e-05
6.455621495135559381e-05
6.455621569223467227e-05
6.455621549443407475e-05
6.455621216770203712e-05
6.455621353436741716e-05
6.455621552681869220e-05
6.455621376455293028e-05
6.455621481832470553e-05
6.455621430763132992e-05
6.455621536140284766e-05
6.455621547649536705e-05
6.455621840762393283e-05
6.455622008718046466e-05
6.455622114095097952e-05
6.455622626232773156e-05
6.455622543874079181e-05
6.455622836986690458e-05
6.455622942363617260e-05
6.455623141608325991e-05
6.455623184406672781e-05
6.455622883023133074e-05
6.455623050978530114e-05
6.455622999909107172e-05
6.455623793649502035e-05
6.455624086761754170e-05
6.455624692766406283e-05
6.455624798143052548e-05
6.455624872230438622e-05
6.455624852450099688e-05
6.455625333297500973e-05
6.455625532541732655e-05
6.455625919521285603e-05
6.455626462946883364e-05
6.455626756058604240e-05
6.455627143037920019e-05
6.455627279703441584e-05
6.455627666682627259e-05
6.455627584323610734e-05
6.455627282940174026e-05
6.455627357027222642e-05
6.455627618849450224e-05
6.455627849382429811e-05
6.455628236361325462e-05
6.455628685918524655e-05
6.455628697427023073e-05
6.455629115694902444e-05
6.455629471384337326e-05
6.455629482892754430e-05
6.455629588268689187e-05
6.455629537198749894e-05
6.455629579996324189e-05
6.455629873107206164e-05
6.455630260085512280e-05
6.455630177726368361e-05
6.455630533415412931e-05
6.455630763947778589e-05
6.455631025769247228e-05
6.455631569192974741e-05
6.455632112616595188e-05
6.455632280570430977e-05
6.455632166922005183e-05
6.455632991947601255e-05
6.455633754394773168e-05
6.455634360396155056e-05
6.455634935108293016e-05
6.455635541109436379e-05
6.455637367386047329e-05
6.455638223699742141e-05
6.455639643217271650e-05
