7.201397300208262076e-01
7.201396589035921059e-01
7.201395876581658806e-01
7.201395166691667571e-01
7.201394459365944023e-01
7.201393752040361473e-01
7.201393037022542076e-01
7.201392322004864788e-01
7.201391604423205139e-01
7.201390893252003211e-01
7.201390176952692235e-01
7.201389467063838978e-01
7.201388754611001142e-01
7.201388042158305414e-01
7.201387339962250778e-01
7.201386640330459388e-01
7.201385927878189985e-01
7.201385224400495000e-01
7.201384513230570938e-01
7.201383795650482256e-01
7.201383079352596805e-01
7.201382361772794560e-01
7.201381649321380030e-01
7.201380929177741974e-01
7.201380211598369385e-01
7.201379494019140015e-01
7.201378773875933836e-01
7.201378060143173165e-01
7.201377341282314548e-01
7.201376627549840315e-01
7.201375913817509300e-01
7.201375201367380408e-01
7.201374491481514761e-01
7.201373773903432252e-01
7.201373062735790809e-01
7.201372359260649336e-01
7.201371651939469931e-01
7.201370935644018090e-01
7.201370224476945081e-01
7.201369509463837471e-01
7.201368795732931982e-01
7.201368078155993002e-01
7.201367364425372841e-01
7.201366650694894789e-01
7.201365936964561065e-01
7.201365221952310547e-01
7.201364501811972074e-01
7.201363782953834614e-01
7.201363062813783689e-01
7.201362343955934886e-01
7.201361623816171509e-01
7.201360903676552461e-01
7.201360183537077742e-01
7.201359463397746241e-01
7.201358743258559070e-01
7.201358023119516227e-01
7.201357302980617714e-01
7.201356582841862419e-01
7.201355862703251454e-01
7.201355142564784817e-01
7.201354422426462509e-01
7.201353702288283420e-01
7.201352982150248661e-01
7.201352262012358230e-01
7.201351541874611017e-01
7.201350821737008134e-01
7.201350101599549580e-01
7.201349381462235355e-01
7.201348661325064349e-01
7.201347941188037671e-01
7.201347221051155323e-01
7.201346500914417303e-01
7.201345780777822503e-01
7.201345060641372031e-01
7.201344340505065889e-01
7.201343620368904075e-01
7.201342900232885480e-01
7.201342180097011214e-01
7.201341459961280167e-01
7.201340739825694559e-01
7.201340019690252170e-01
7.201339299554954110e-01
7.201338579419799268e-01
7.201337859284789866e-01
7.201337139149923683e-01
7.201336419015201828e-01
7.201335698880623193e-01
7.201334978746188886e-01
7.201334258611898909e-01
7.201333538477753260e-01
7.201332818343750830e-01
7.201332098209892729e-01
7.201331378076178957e-01
7.201330657942609514e-01
7.201329937809183290e-01
7.201329217675901395e-01
7.201328497542763829e-01
7.201327777409770592e-01
7.201327057276920574e-01
7.201326337144214884e-01
