6.937123428264265756e-01
6.937123016121382602e-01
6.937122654496670204e-01
6.937122039039366195e-01
6.937121495632558865e-01
6.937120963406090413e-01
6.937120372380009004e-01
6.937119774728726096e-01
6.937119177905726186e-01
6.937118647336031341e-01
6.937118089022924483e-01
6.937117529881763334e-01
6.937116897448153408e-01
6.937116298141247084e-01
6.937115678958516440e-01
6.937115078409605839e-01
6.937114593803805906e-01
6.937114041702726608e-01
6.937113496641150734e-01
6.937112907272912077e-01
6.937112417698541034e-01
6.937111846964214568e-01
6.937111400868641864e-01
6.937110817712076605e-01
6.937110366233633085e-01
6.937109835251586976e-01
6.937109245055963491e-01
6.937108716972707478e-01
6.937108142098333818e-01
6.937107548590404349e-01
6.937106973716262726e-01
6.937106419546310576e-01
6.937105989600903522e-01
6.937105425907288403e-01
6.937104973601673219e-01
6.937104416119492800e-01
6.937103897975145372e-01
6.937103318960957665e-01
6.937102745329942755e-01
6.937102403584491928e-01
6.937101911941744303e-01
6.937101413673797401e-01
6.937100892217412662e-01
6.937100500782563683e-01
6.937099973943322562e-01
6.937099711287807446e-01
6.937099429170543452e-01
6.937099079558161074e-01
6.937098641332560822e-01
6.937098365426700441e-01
6.937097858463862066e-01
6.937097573862441857e-01
6.937097084705250438e-01
6.937096678364272906e-01
6.937096392106733012e-01
6.937095863612159352e-01
6.937095375283496290e-01
6.937094919253202763e-01
6.937094532788503631e-01
6.937094256883329368e-01
6.937093754890372166e-01
6.937093253311596985e-01
6.937092668088719050e-01
6.937092259264108218e-01
6.937091810687887605e-01
6.937091680953421102e-01
6.937091354945039701e-01
6.937090832662804463e-01
6.937090377047546719e-01
6.937090082509467237e-01
6.937089829379435857e-01
6.937089536497790254e-01
6.937089267218752298e-01
6.937088699802345104e-01
6.937088389115472209e-01
6.937088004722481438e-01
6.937087523849013726e-01
6.937087127447878476e-01
6.937086707444287681e-01
6.937086160732452988e-01
6.937085640107732987e-01
6.937085259441961860e-01
6.937084749583500853e-01
6.937084284445711457e-01
6.937083725726093109e-01
6.937083236157821631e-01
6.937082717604102777e-01
6.937082167994550463e-01
6.937081563726663624e-01
6.937081010804703185e-01
6.937080492665493869e-01
6.937079933946646015e-01
6.937079320155407069e-01
6.937078746115867833e-01
6.937078194022623379e-01
6.937077600107527386e-01
6.937076985902689286e-01
6.937076374182445937e-01
6.937075835340178465e-01
6.937075298154334879e-01
