# k f_up f_allD C_global_avg
2.000000 0.012556 0.987444 0.011540
3.000000 0.448784 0.551216 0.439544
4.000000 0.163959 0.836041 0.158745
5.000000 0.006491 0.993509 0.003851
6.000000 0.004272 0.995728 0.001495
7.000000 0.004448 0.995552 0.001335
8.000000 0.004808 0.995192 0.001265
9.000000 0.005199 0.994801 0.001219
10.000000 0.005673 0.994327 0.001201
11.000000 0.006100 0.993900 0.001175
12.000000 0.006539 0.993461 0.001157
13.000000 0.007067 0.992933 0.001158
14.000000 0.007511 0.992489 0.001145
15.000000 0.008012 0.991988 0.001142
16.000000 0.008464 0.991536 0.001134
17.000000 0.008905 0.991095 0.001126
18.000000 0.009382 0.990618 0.001123
19.000000 0.009939 0.990061 0.001131
20.000000 0.010312 0.989688 0.001119
21.000000 0.010864 0.989136 0.001125
22.000000 0.011273 0.988727 0.001118
23.000000 0.011864 0.988136 0.001131
24.000000 0.012209 0.987791 0.001117
25.000000 0.012639 0.987361 0.001113
26.000000 0.013295 0.986705 0.001131
27.000000 0.013684 0.986316 0.001124
28.000000 0.014123 0.985877 0.001124
29.000000 0.014757 0.985243 0.001137
30.000000 0.015185 0.984815 0.001136
31.000000 0.015597 0.984403 0.001132
32.000000 0.016065 0.983935 0.001135
33.000000 0.016436 0.983564 0.001127
34.000000 0.016962 0.983038 0.001133
35.000000 0.017405 0.982595 0.001133
36.000000 0.017826 0.982174 0.001134
37.000000 0.018341 0.981659 0.001138
38.000000 0.018725 0.981275 0.001138
39.000000 0.019503 0.980497 0.001160
40.000000 0.019510 0.980490 0.001132
41.000000 0.019857 0.980143 0.001124
42.000000 0.020410 0.979590 0.001135
43.000000 0.021134 0.978866 0.001170
44.000000 0.021367 0.978633 0.001146
45.000000 0.021943 0.978057 0.001163
46.000000 0.022527 0.977473 0.001174
47.000000 0.022757 0.977243 0.001158
48.000000 0.023350 0.976650 0.001164
49.000000 0.023889 0.976111 0.001207
50.000000 0.024083 0.975917 0.001172
51.000000 0.024593 0.975407 0.001169
52.000000 0.025302 0.974698 0.001179
53.000000 0.025616 0.974384 0.001181
54.000000 0.026134 0.973866 0.001185
55.000000 0.026643 0.973357 0.001217
56.000000 0.026801 0.973199 0.001184
57.000000 0.027306 0.972694 0.001194
58.000000 0.027365 0.972635 0.001173
59.000000 0.028281 0.971719 0.001202
60.000000 0.028441 0.971559 0.001202
61.000000 0.028833 0.971167 0.001190
62.000000 0.029603 0.970397 0.001211
63.000000 0.030244 0.969756 0.001227
64.000000 0.030219 0.969781 0.001215
65.000000 0.031254 0.968746 0.001239
66.000000 0.030836 0.969164 0.001197
67.000000 0.031924 0.968076 0.001276
68.000000 0.031915 0.968085 0.001214
69.000000 0.032908 0.967092 0.001289
70.000000 0.032600 0.967400 0.001228
71.000000 0.033755 0.966245 0.001269
72.000000 0.034092 0.965908 0.001256
73.000000 0.034256 0.965744 0.001247
74.000000 0.035169 0.964831 0.001267
75.000000 0.035397 0.964603 0.001284
76.000000 0.035701 0.964299 0.001272
77.000000 0.035992 0.964008 0.001315
78.000000 0.035881 0.964119 0.001261
79.000000 0.037319 0.962681 0.001297
80.000000 0.037504 0.962496 0.001280
81.000000 0.037768 0.962232 0.001274
82.000000 0.038445 0.961555 0.001286
83.000000 0.038518 0.961482 0.001297
84.000000 0.038559 0.961441 0.001268
85.000000 0.039395 0.960605 0.001292
86.000000 0.039706 0.960294 0.001316
87.000000 0.040202 0.959798 0.001317
88.000000 0.040511 0.959489 0.001364
89.000000 0.041438 0.958562 0.001351
90.000000 0.042044 0.957956 0.001340
91.000000 0.041727 0.958273 0.001385
92.000000 0.042956 0.957044 0.001410
93.000000 0.042603 0.957397 0.001432
94.000000 0.043357 0.956643 0.001394
95.000000 0.043609 0.956391 0.001535
96.000000 0.043882 0.956118 0.001371
97.000000 0.044432 0.955568 0.001395
98.000000 0.045923 0.954077 0.001455
99.000000 0.045169 0.954831 0.001475
100.000000 0.045956 0.954044 0.001430
101.000000 0.046311 0.953689 0.001501
102.000000 0.045861 0.954139 0.001415
103.000000 0.047395 0.952605 0.001482
104.000000 0.048283 0.951717 0.001517
105.000000 0.048018 0.951982 0.001505
106.000000 0.048503 0.951497 0.001545
107.000000 0.049084 0.950916 0.001516
108.000000 0.047673 0.952327 0.001406
109.000000 0.050152 0.949848 0.001566
110.000000 0.050719 0.949281 0.001595
111.000000 0.050692 0.949308 0.001603
112.000000 0.051369 0.948631 0.001648
113.000000 0.051087 0.948913 0.001637
114.000000 0.051466 0.948534 0.001566
115.000000 0.051720 0.948280 0.001618
116.000000 0.052916 0.947084 0.001628
117.000000 0.052416 0.947584 0.001549
118.000000 0.053562 0.946438 0.001698
119.000000 0.053041 0.946959 0.001615
120.000000 0.053983 0.946017 0.001734
121.000000 0.053946 0.946054 0.001706
122.000000 0.054063 0.945937 0.001645
123.000000 0.054845 0.945155 0.001840
124.000000 0.055155 0.944845 0.001728
125.000000 0.056697 0.943303 0.001888
126.000000 0.056757 0.943243 0.001728
127.000000 0.056401 0.943599 0.001704
128.000000 0.057255 0.942745 0.001856
129.000000 0.056524 0.943476 0.001754
130.000000 0.057403 0.942597 0.001865
131.000000 0.058135 0.941865 0.001849
132.000000 0.058190 0.941810 0.001860
133.000000 0.059986 0.940014 0.001851
134.000000 0.059011 0.940989 0.001782
135.000000 0.059217 0.940783 0.001939
136.000000 0.060034 0.939966 0.001887
137.000000 0.059761 0.940239 0.001784
138.000000 0.061313 0.938687 0.001941
139.000000 0.061117 0.938883 0.001881
140.000000 0.063163 0.936837 0.002220
141.000000 0.060871 0.939129 0.001877
142.000000 0.062607 0.937393 0.002209
143.000000 0.063658 0.936342 0.002083
144.000000 0.063873 0.936127 0.002302
145.000000 0.064268 0.935732 0.002134
146.000000 0.064318 0.935682 0.002160
147.000000 0.064916 0.935084 0.002101
148.000000 0.064609 0.935391 0.002111
149.000000 0.064689 0.935311 0.002065
150.000000 0.066005 0.933995 0.002116
151.000000 0.065865 0.934135 0.002317
152.000000 0.067177 0.932823 0.002380
153.000000 0.066653 0.933347 0.002205
154.000000 0.066357 0.933643 0.002040
155.000000 0.067652 0.932348 0.002124
156.000000 0.069070 0.930930 0.002386
157.000000 0.069297 0.930703 0.002333
158.000000 0.068928 0.931072 0.002501
159.000000 0.069176 0.930824 0.002330
160.000000 0.069584 0.930416 0.002338
161.000000 0.070165 0.929835 0.002681
162.000000 0.070792 0.929208 0.002541
163.000000 0.070351 0.929649 0.002503
164.000000 0.069586 0.930414 0.002578
165.000000 0.072066 0.927934 0.002547
166.000000 0.071592 0.928408 0.002524
167.000000 0.072804 0.927196 0.002536
168.000000 0.072219 0.927781 0.002506
169.000000 0.074323 0.925677 0.002841
170.000000 0.073693 0.926307 0.002911
171.000000 0.074656 0.925344 0.002703
172.000000 0.073950 0.926050 0.002552
173.000000 0.076016 0.923984 0.003003
174.000000 0.076606 0.923394 0.002891
175.000000 0.074934 0.925066 0.002985
176.000000 0.077334 0.922666 0.003199
177.000000 0.076114 0.923886 0.002789
178.000000 0.076250 0.923750 0.002918
179.000000 0.075185 0.924815 0.002763
