2.663682803316173020e-01 7.336317196681126918e-01
2.663682679803824893e-01 7.336317320193475044e-01
2.663682554862916718e-01 7.336317445134383775e-01
2.663682432779203579e-01 7.336317567218096913e-01
2.663682309266929282e-01 7.336317690730370655e-01
2.663682187183264993e-01 7.336317812814034944e-01
2.663682060813871155e-01 7.336317939183429893e-01
2.663681931587333351e-01 7.336318068409967141e-01
2.663681806646575057e-01 7.336318193350725991e-01
2.663681677420088323e-01 7.336318322577212170e-01
2.663681551050796070e-01 7.336318448946504978e-01
2.663681424681528798e-01 7.336318575315772250e-01
2.663681295455119225e-01 7.336318704542181823e-01
2.663681167657319659e-01 7.336318832339981943e-01
2.663681038430961157e-01 7.336318961566339336e-01
2.663680912061796024e-01 7.336319087935505578e-01
2.663680785692655872e-01 7.336319214304646286e-01
2.663680663609290789e-01 7.336319336388010814e-01
2.663680540097366767e-01 7.336319459899934836e-01
2.663680413728301555e-01 7.336319586269000048e-01
2.663680290216427493e-01 7.336319709780875220e-01
2.663680163847412796e-01 7.336319836149890472e-01
2.663680037478423634e-01 7.336319962518880189e-01
2.663679911109459453e-01 7.336320088887844371e-01
2.663679779026192351e-01 7.336320220971112027e-01
2.663679636942877238e-01 7.336320363054426030e-01
2.663679499145336083e-01 7.336320500851967186e-01
2.663679352776332498e-01 7.336320647220970770e-01
2.663679202121612688e-01 7.336320797875690580e-01
2.663679048609761124e-01 7.336320951387542699e-01
2.663678889383614967e-01 7.336321110613689411e-01
2.663678734443243878e-01 7.336321265554059945e-01
2.663678585217227335e-01 7.336321414780075933e-01
2.663678431705498451e-01 7.336321568291804818e-01
2.663678281050961827e-01 7.336321718946342552e-01
2.663678137539358115e-01 7.336321862457945153e-01
2.663677996884943888e-01 7.336322003112359935e-01
2.663677856230557972e-01 7.336322143766746962e-01
2.663677717004780399e-01 7.336322282992524535e-01
2.663677570636130421e-01 7.336322429361173958e-01
2.663677422838929831e-01 7.336322577158375102e-01
2.663677280756077681e-01 7.336322719241226142e-01
2.663677138673253841e-01 7.336322861324049427e-01
2.663677002304776220e-01 7.336322997692527048e-01
2.663676868793484753e-01 7.336323131203819070e-01
2.663676732425061533e-01 7.336323267572242290e-01
2.663676598913823357e-01 7.336323401083479911e-01
2.663676459688296694e-01 7.336323540309007685e-01
2.663676323319955630e-01 7.336323676677348748e-01
2.663676185523062290e-01 7.336323814474241534e-01
2.663676049154775627e-01 7.336323950842528197e-01
2.663675909929359431e-01 7.336324090067944947e-01
2.663675773561127724e-01 7.336324226436177209e-01
2.663675638621501029e-01 7.336324361375803349e-01
2.663675512253368405e-01 7.336324487743937084e-01
2.663675387313839127e-01 7.336324612683466917e-01
2.663675278088687981e-01 7.336324721908618063e-01
2.663675166006403972e-01 7.336324833990902627e-01
2.663675055352719423e-01 7.336324944644586621e-01
2.663674953270519508e-01 7.336325046726785981e-01
2.663674846902609472e-01 7.336325153094696017e-01
2.663674740534721086e-01 7.336325259462584958e-01
2.663674641309736746e-01 7.336325358687568743e-01
2.663674534941889993e-01 7.336325465055416606e-01
2.663674430002640481e-01 7.336325569994665008e-01
2.663674323634835917e-01 7.336325676362469572e-01
2.663674225838509324e-01 7.336325774158796165e-01
2.663674133756506746e-01 7.336325866240799298e-01
2.663674051674553289e-01 7.336325948322752755e-01
2.663673969592615931e-01 7.336326030404689558e-01
2.663673887510695226e-01 7.336326112486610818e-01
2.663673801143064956e-01 7.336326198854241643e-01
2.663673720489752594e-01 7.336326279507553449e-01
2.663673644122181994e-01 7.336326355875123495e-01
2.663673556326026648e-01 7.336326443671279396e-01
2.663673471387038583e-01 7.336326528610267461e-01
2.663673387876642207e-01 7.336326612120663837e-01
2.663673298651964005e-01 7.336326701345341483e-01
2.663673200855857237e-01 7.336326799141448252e-01
2.663673101631195972e-01 7.336326898366110072e-01
2.663672999549406284e-01 7.336327000447899760e-01
2.663672891753340877e-01 7.336327108243965167e-01
2.663672778243001971e-01 7.336327221754304073e-01
2.663672671875553788e-01 7.336327328121752256e-01
2.663672566936700625e-01 7.336327433060605419e-01
2.663672463426441372e-01 7.336327536570863561e-01
2.663672359916203214e-01 7.336327640081101720e-01
2.663672256405986150e-01 7.336327743591318784e-01
2.663672151467216254e-01 7.336327848530087570e-01
2.663672055099904346e-01 7.336327944897399478e-01
2.663671954446893975e-01 7.336328045550409849e-01
2.663671852365331327e-01 7.336328147631971941e-01
2.663671750283789219e-01 7.336328249713514049e-01
2.663671639630832977e-01 7.336328360366469736e-01
2.663671528977899494e-01 7.336328471019404329e-01
2.663671422610703887e-01 7.336328577386599381e-01
2.663671317672101635e-01 7.336328682325201633e-01
2.663671212733519922e-01 7.336328787263782791e-01
2.663671104937816447e-01 7.336328895059486266e-01
2.663670991427848911e-01 7.336329008569454357e-01
