6.470362768842823238e-05
6.470362203550443817e-05
6.470361597383062445e-05
6.470361236466470694e-05
6.470360916425058431e-05
6.470360392008194601e-05
6.470359744966137894e-05
6.470359384049875469e-05
6.470358900508412035e-05
6.470358457842132155e-05
6.470357933425776545e-05
6.470357858635391072e-05
6.470357334219199448e-05
6.470356809803113533e-05
6.470356980263261538e-05
6.470356823722876228e-05
6.470356217556881280e-05
6.470355815766278267e-05
6.470355373100705829e-05
6.470354889560176164e-05
6.470354446894785330e-05
6.470354167729632693e-05
6.470353602439301059e-05
6.470353078024112321e-05
6.470352553609027939e-05
6.470352029194049266e-05
6.470351709154261951e-05
6.470351102989444717e-05
6.470350987324860958e-05
6.470350340285232864e-05
6.470349734120735470e-05
6.470349373206340582e-05
6.470349298416967483e-05
6.470348692252756047e-05
6.470348249588603914e-05
6.470347806924541228e-05
6.470347323385590432e-05
6.470346758096790234e-05
6.470346315433009440e-05
6.470345668394495364e-05
6.470345103106031268e-05
6.470344823942372119e-05
6.470344340404009503e-05
6.470344020365534072e-05
6.470343700327123694e-05
6.470343053289260139e-05
6.470342978500624297e-05
6.470342413212824275e-05
6.470342256674413569e-05
6.470341650511875870e-05
6.470341085224379425e-05
6.470340438187165036e-05
6.470339954649723991e-05
6.470339471112380525e-05
6.470339518948871153e-05
6.470339158036364133e-05
6.470339042373298257e-05
6.470338640586019679e-05
6.470338197923935662e-05
6.470337837011705113e-05
6.470337230850276011e-05
6.470336910813088071e-05
6.470336386401612727e-05
6.470335780240511596e-05
6.470335296704116806e-05
6.470334690543244713e-05
6.470334574880741267e-05
6.470334213969161240e-05
6.470334220931266557e-05
6.470333778270110888e-05
6.470333376483881275e-05
6.470333015572565522e-05
6.470332532036834807e-05
6.470332252875325089e-05
6.470331605840482392e-05
6.470330958805769800e-05
6.470331987638517962e-05
6.470332076350456419e-05
6.470331429315890194e-05
6.470331313653863796e-05
6.470330830118688735e-05
6.470330632707159879e-05
6.470330394420881150e-05
6.470330319633787585e-05
6.470329795224126924e-05
6.470329556938002693e-05
6.470329155152838309e-05
6.470328671618217546e-05
6.470328188083694361e-05
6.470327908923066912e-05
6.470327302764449960e-05
6.470327105353471336e-05
6.470326580944550643e-05
6.470326179159964952e-05
6.470325695625981158e-05
6.470325130342622299e-05
6.470324524184646381e-05
6.470325021644425100e-05
6.470324660734919965e-05
6.470324013702453026e-05
