6.531772486768039343e-01
6.531771833584389952e-01
6.531771180400870458e-01
6.531770527217481970e-01
6.531769874034223378e-01
6.531769220851096902e-01
6.531768567668100323e-01
6.531767914485233639e-01
6.531767261302497962e-01
6.531766608119893291e-01
6.531765954937419627e-01
6.531765301755075859e-01
6.531764648572863097e-01
6.531763995390781341e-01
6.531763342208829481e-01
6.531762689027008628e-01
6.531762035845317671e-01
6.531761382663758830e-01
6.531760729482328776e-01
6.531760076301030837e-01
6.531759423119862795e-01
6.531758769938825759e-01
6.531758116757919730e-01
6.531757463577143596e-01
6.531756810396498469e-01
6.531756157215984349e-01
6.531755504035600124e-01
6.531754850855346906e-01
6.531754197675223583e-01
6.531753544495232378e-01
6.531752891315371068e-01
6.531752238135639654e-01
6.531751584956039247e-01
6.531750931776569846e-01
6.531750278597231452e-01
6.531749625418022953e-01
6.531748972238945461e-01
6.531748319059998975e-01
6.531747665881182385e-01
6.531747012702496802e-01
6.531746359523941114e-01
6.531745706345517544e-01
6.531745053167223869e-01
6.531744399989060090e-01
6.531743746811028428e-01
6.531743093633125552e-01
6.531742440455354792e-01
6.531741787277713929e-01
6.531741134100204071e-01
6.531740480922825220e-01
6.531739827745576266e-01
6.531739174568458317e-01
6.531738521391471375e-01
6.531737868214614329e-01
6.531737215037888289e-01
6.531736561861292145e-01
6.531735908684828118e-01
6.531735255508493987e-01
6.531734602332289752e-01
6.531733949156217633e-01
6.531733295980274301e-01
6.531732642804463085e-01
6.531731989628781765e-01
6.531731336453231451e-01
6.531730683277812144e-01
6.531730030102522733e-01
6.531729376927364328e-01
6.531728723752336929e-01
6.531728070577439427e-01
6.531727417402672931e-01
6.531726764228036330e-01
6.531726111053531847e-01
6.531725457879157259e-01
6.531724804704912568e-01
6.531724151530798883e-01
6.531723498356816204e-01
6.531722845182964532e-01
6.531722192009242756e-01
6.531721538835651986e-01
6.531720885662192222e-01
6.531720232488862354e-01
6.531719579315663493e-01
6.531718926142594528e-01
6.531718272969657679e-01
6.531717619796849617e-01
6.531716966624173670e-01
6.531716313451627620e-01
6.531715660279212576e-01
6.531715007106928539e-01
6.531714353934774397e-01
6.531713700762751262e-01
6.531713047590858023e-01
6.531712394419096901e-01
6.531711741247465675e-01
6.531711088075964344e-01
6.531710434904594020e-01
6.531709781733354703e-01
6.531709128562246391e-01
6.531708475391267976e-01
6.531707822220420567e-01
