9.501254062384152654e-02 9.049874593781880305e-01
9.501253112249434529e-02 9.049874688795352951e-01
9.501252162114906530e-02 9.049874783808805612e-01
9.501251211980570044e-02 9.049874878822239399e-01
9.501250261846422296e-02 9.049874973835653202e-01
9.501249311712464674e-02 9.049875068849049242e-01
9.501248361578697177e-02 9.049875163862426408e-01
9.501247411445119806e-02 9.049875258875783590e-01
9.501246461311732561e-02 9.049875353889123009e-01
9.501245511178535441e-02 9.049875448902442443e-01
9.501244561045528447e-02 9.049875543915743004e-01
9.501243610912710191e-02 9.049875638929024690e-01
9.501242660780083449e-02 9.049875733942287503e-01
9.501241710647646832e-02 9.049875828955531443e-01
9.501240760515398953e-02 9.049875923968756508e-01
9.501239810383341200e-02 9.049876018981961590e-01
9.501238860251474960e-02 9.049876113995148907e-01
9.501237910119797458e-02 9.049876209008316241e-01
9.501236959988310082e-02 9.049876304021464701e-01
9.501236009857012832e-02 9.049876399034594288e-01
9.501235059725907095e-02 9.049876494047705000e-01
9.501234109594990096e-02 9.049876589060796839e-01
9.501233159464261835e-02 9.049876684073869804e-01
9.501232209333725087e-02 9.049876779086922785e-01
9.501231259203378465e-02 9.049876874099958002e-01
9.501230309073221969e-02 9.049876969112973235e-01
9.501229358943254211e-02 9.049877064125970705e-01
9.501228408813477966e-02 9.049877159138948191e-01
9.501227458683891847e-02 9.049877254151906802e-01
9.501226508554494465e-02 9.049877349164846541e-01
9.501225558425287210e-02 9.049877444177767405e-01
9.501224608296271468e-02 9.049877539190668285e-01
9.501223658167444464e-02 9.049877634203551402e-01
9.501222708038807585e-02 9.049877729216415645e-01
9.501221757910360832e-02 9.049877824229259904e-01
9.501220807782104205e-02 9.049877919242085289e-01
9.501219857654037704e-02 9.049878014254891800e-01
9.501218907526161328e-02 9.049878109267679438e-01
9.501217957398475078e-02 9.049878204280448202e-01
9.501217007270977566e-02 9.049878299293198092e-01
9.501216057143671567e-02 9.049878394305929108e-01
9.501215107016555694e-02 9.049878489318640140e-01
9.501214156889628559e-02 9.049878584331333409e-01
9.501213206762892938e-02 9.049878679344006693e-01
9.501212256636346054e-02 9.049878774356661104e-01
9.501211306509989296e-02 9.049878869369296641e-01
9.501210356383824052e-02 9.049878964381913304e-01
9.501209406257847545e-02 9.049879059394511094e-01
9.501208456132061164e-02 9.049879154407090009e-01
9.501207506006464909e-02 9.049879249419648941e-01
9.501206555881058780e-02 9.049879344432190109e-01
9.501205605755842776e-02 9.049879439444711293e-01
9.501204655630815510e-02 9.049879534457214714e-01
9.501203705505979757e-02 9.049879629469698150e-01
9.501202755381334131e-02 9.049879724482162713e-01
9.501201805256877242e-02 9.049879819494608402e-01
9.501200855132611867e-02 9.049879914507034107e-01
9.501199905008535229e-02 9.049880009519442048e-01
9.501198954884650105e-02 9.049880104531831115e-01
9.501198004760953719e-02 9.049880199544200199e-01
9.501197054637447459e-02 9.049880294556551519e-01
9.501196104514131324e-02 9.049880389568882855e-01
9.501195154391005315e-02 9.049880484581195317e-01
9.501194204268069432e-02 9.049880579593488905e-01
9.501193254145323674e-02 9.049880674605763620e-01
9.501192304022768043e-02 9.049880769618019460e-01
9.501191353900402536e-02 9.049880864630255317e-01
9.501190403778227156e-02 9.049880959642473410e-01
9.501189453656240513e-02 9.049881054654671519e-01
9.501188503534445384e-02 9.049881149666850755e-01
9.501187553412838993e-02 9.049881244679012227e-01
9.501186603291424115e-02 9.049881339691153714e-01
9.501185653170197976e-02 9.049881434703276328e-01
9.501184703049161961e-02 9.049881529715380069e-01
9.501183752928317461e-02 9.049881624727463825e-01
9.501182802807661698e-02 9.049881719739529817e-01
9.501181852687196061e-02 9.049881814751575826e-01
9.501180902566920550e-02 9.049881909763604071e-01
9.501179952446835164e-02 9.049882004775612332e-01
9.501179002326939904e-02 9.049882099787601719e-01
9.501178052207233382e-02 9.049882194799572233e-01
9.501177102087718374e-02 9.049882289811523872e-01
9.501176151968393491e-02 9.049882384823456638e-01
9.501175201849257346e-02 9.049882479835370530e-01
9.501174251730312714e-02 9.049882574847264438e-01
9.501173301611556821e-02 9.049882669859140583e-01
9.501172351492991053e-02 9.049882764870996743e-01
9.501171401374616798e-02 9.049882859882834030e-01
9.501170451256431282e-02 9.049882954894652443e-01
9.501169501138435891e-02 9.049883049906451982e-01
9.501168551020630626e-02 9.049883144918232647e-01
9.501167600903015487e-02 9.049883239929994438e-01
9.501166650785590473e-02 9.049883334941736246e-01
9.501165700668355585e-02 9.049883429953460290e-01
9.501164750551309435e-02 9.049883524965164350e-01
9.501163800434454798e-02 9.049883619976850646e-01
9.501162850317790287e-02 9.049883714988516958e-01
9.501161900201314514e-02 9.049883810000164397e-01
9.501160950085030255e-02 9.049883905011792962e-01
9.501159999968934733e-02 9.049884000023402653e-01
