8.619447776984250076e-02
8.619446915031026002e-02
8.619446053077972625e-02
8.619445191125092720e-02
8.619444329172384900e-02
8.619443467219850552e-02
8.619442605267486901e-02
8.619441743315296722e-02
8.619440881363278628e-02
8.619440019411432619e-02
8.619439157459760081e-02
8.619438295508258241e-02
8.619437433556929873e-02
8.619436571605773589e-02
8.619435709654790778e-02
8.619434847703978664e-02
8.619433985753340022e-02
8.619433123802873464e-02
8.619432261852578991e-02
8.619431399902456603e-02
8.619430537952507687e-02
8.619429676002730856e-02
8.619428814053126109e-02
8.619427952103693447e-02
8.619427090154434257e-02
8.619426228205347151e-02
8.619425366256432131e-02
8.619424504307689194e-02
8.619423642359118343e-02
8.619422780410720963e-02
8.619421918462495669e-02
8.619421056514442459e-02
8.619420194566561333e-02
8.619419332618853680e-02
8.619418470671316723e-02
8.619417608723953239e-02
8.619416746776763227e-02
8.619415884829743912e-02
8.619415022882898070e-02
8.619414160936224312e-02
8.619413298989722638e-02
8.619412437043393049e-02
8.619411575097235545e-02
8.619410713151251513e-02
8.619409851205439566e-02
8.619408989259799703e-02
8.619408127314333312e-02
8.619407265369037618e-02
8.619406403423915397e-02
8.619405541478965260e-02
8.619404679534187208e-02
8.619403817589582628e-02
8.619402955645150133e-02
8.619402093700889722e-02
8.619401231756801396e-02
8.619400369812885154e-02
8.619399507869142385e-02
8.619398645925570313e-02
8.619397783982171712e-02
8.619396922038946585e-02
8.619396060095892154e-02
8.619395198153011195e-02
8.619394336210302321e-02
8.619393474267765531e-02
8.619392612325400826e-02
8.619391750383209594e-02
8.619390888441190446e-02
8.619390026499343382e-02
8.619389164557668404e-02
8.619388302616165509e-02
8.619387440674836087e-02
8.619386578733678750e-02
8.619385716792693497e-02
8.619384854851880329e-02
8.619383992911240633e-02
8.619383130970773021e-02
8.619382269030477495e-02
8.619381407090354053e-02
8.619380545150402695e-02
8.619379683210624810e-02
8.619378821271019009e-02
8.619377959331585293e-02
8.619377097392323661e-02
8.619376235453234114e-02
8.619375373514318039e-02
8.619374511575574049e-02
8.619373649637002144e-02
8.619372787698603711e-02
8.619371925760375974e-02
8.619371063822321710e-02
8.619370201884439531e-02
8.619369339946729436e-02
8.619368478009192813e-02
8.619367616071828275e-02
8.619366754134634434e-02
8.619365892197615453e-02
8.619365030260767169e-02
8.619364168324092357e-02
8.619363306387588242e-02
8.619362444451257599e-02
