4.131358700435633878e-03 9.945313284470054249e-01 1.337312839521442604e-03
4.131358787300614364e-03 9.945313283938721494e-01 1.337312805789828097e-03
4.131358874165578371e-03 9.945313283407388738e-01 1.337312772058220313e-03
4.131358961030524163e-03 9.945313282876055982e-01 1.337312738326619250e-03
4.131358947894503246e-03 9.945313283344731081e-01 1.337312704595025126e-03
4.131359034759424752e-03 9.945313281813389361e-01 1.337312770864377545e-03
4.131359121624328910e-03 9.945313280282047641e-01 1.337312837133716736e-03
4.131359208489215722e-03 9.945313278750705921e-01 1.337312903403042917e-03
4.131359295354085186e-03 9.945313277219365311e-01 1.337312969672355654e-03
4.131359382218937303e-03 9.945313274688014626e-01 1.337313135942555086e-03
4.131359469083772072e-03 9.945313272156666162e-01 1.337313302212721341e-03
4.131359455947709522e-03 9.945313270625325552e-01 1.337313468482854420e-03
4.131359442811649574e-03 9.945313269093986053e-01 1.337313634752954105e-03
4.131359629677312274e-03 9.945313264562620770e-01 1.337313901023880636e-03
4.131360116545487390e-03 9.945313257031229703e-01 1.337314167294754042e-03
4.131360703414406303e-03 9.945313248499831893e-01 1.337314433565573888e-03
4.131361390284036920e-03 9.945313238968427338e-01 1.337314699836340826e-03
4.131362077153529627e-03 9.945313229437025004e-01 1.337314966107054203e-03
4.131362764022885291e-03 9.945313219905623781e-01 1.337315232377714455e-03
4.131363550892904087e-03 9.945313208374209069e-01 1.337315598649121322e-03
4.131364437763555657e-03 9.945313195842789833e-01 1.337315964920454897e-03
4.131365424634809644e-03 9.945313182311364963e-01 1.337316331191715398e-03
4.131366411505865872e-03 9.945313169779951279e-01 1.337316597462132571e-03
4.131367398376725210e-03 9.945313157248539815e-01 1.337316863732496619e-03
4.131368285246636921e-03 9.945313145717136205e-01 1.337317130002807324e-03
4.131369272117112017e-03 9.945313133185730292e-01 1.337317396273064686e-03
4.131370158986658568e-03 9.945313120654325489e-01 1.337317762543998841e-03
4.131370945855308667e-03 9.945313109122929651e-01 1.337318128814859704e-03
4.131371932725220845e-03 9.945313095591523656e-01 1.337318495085647275e-03
4.131372919594936133e-03 9.945313082060119880e-01 1.337318861356361554e-03
4.131373406461003560e-03 9.945313073528752046e-01 1.337319227627002541e-03
4.131373993327653454e-03 9.945313063997379688e-01 1.337319593897570453e-03
4.131374580194186255e-03 9.945313055466015184e-01 1.337319860167395002e-03
4.131375067059941432e-03 9.945313047934659645e-01 1.337320126437166424e-03
4.131375353924299221e-03 9.945313042403319814e-01 1.337320392706884721e-03
4.131375540787960050e-03 9.945313037871986728e-01 1.337320658976549675e-03
4.131375627650952544e-03 9.945313034340660385e-01 1.337320925246161286e-03
4.131375614513308793e-03 9.945313031809341897e-01 1.337321191515719772e-03
4.131375501375056554e-03 9.945313030278030153e-01 1.337321457785224914e-03
4.131375488237427548e-03 9.945313028746718409e-01 1.337321624054076900e-03
4.131375575100391419e-03 9.945313026215402141e-01 1.337321790322895491e-03
4.131375661963337075e-03 9.945313023684084763e-01 1.337321956591680907e-03
4.131375748826266250e-03 9.945313021152768496e-01 1.337322122860432928e-03
4.131375935689737128e-03 9.945313017621447704e-01 1.337322289129151990e-03
4.131376022552621201e-03 9.945313016090138181e-01 1.337322355397287501e-03
4.131375909414407993e-03 9.945313016558837704e-01 1.337322421665409784e-03
4.131375796276217337e-03 9.945313017027538338e-01 1.337322487933518839e-03
4.131375683138049232e-03 9.945313017496237862e-01 1.337322554201614668e-03
4.131375569999902811e-03 9.945313017964937385e-01 1.337322620469697269e-03
4.131375356861280608e-03 9.945313019433642543e-01 1.337322686737766643e-03
4.131375143722700906e-03 9.945313020902346590e-01 1.337322753005822790e-03
4.131374930584162837e-03 9.945313022371051748e-01 1.337322819273865492e-03
4.131374717445668136e-03 9.945313024839760319e-01 1.337322785541425257e-03
4.131374504307215936e-03 9.945313027308468889e-01 1.337322751808991527e-03
4.131374291168807104e-03 9.945313029777176350e-01 1.337322718076564519e-03
4.131374078030439906e-03 9.945313032245883811e-01 1.337322684344144233e-03
4.131373864892115208e-03 9.945313034714591272e-01 1.337322650611730886e-03
4.131373751754253282e-03 9.945313037183297622e-01 1.337322516878903991e-03
4.131373638616413907e-03 9.945313039652002862e-01 1.337322383146103983e-03
4.131373525478597951e-03 9.945313042120708102e-01 1.337322249413330864e-03
4.131373212340022985e-03 9.945313046589421280e-01 1.337322115680584416e-03
4.131372899201512204e-03 9.945313051058133347e-01 1.337321981947864639e-03
4.131372586063063006e-03 9.945313055526845414e-01 1.337321848215171534e-03
4.131372272924677125e-03 9.945313059995555260e-01 1.337321714482505317e-03
4.131371959786352827e-03 9.945313064464265107e-01 1.337321580749865771e-03
4.131371646648091846e-03 9.945313068932973843e-01 1.337321447017253114e-03
4.131371233509564117e-03 9.945313074401684883e-01 1.337321313284667128e-03
4.131370820371118788e-03 9.945313079870394812e-01 1.337321179552107813e-03
4.131370407232755858e-03 9.945313085339103631e-01 1.337321045819575170e-03
4.131369994094476195e-03 9.945313090807811340e-01 1.337320912087069415e-03
4.131369580956278063e-03 9.945313096276517939e-01 1.337320778354590331e-03
4.131369167818163199e-03 9.945313100745221124e-01 1.337320744622418111e-03
4.131368754680131601e-03 9.945313105213923199e-01 1.337320710890252612e-03
4.131368341542181535e-03 9.945313109682624164e-01 1.337320677158093836e-03
4.131367928404314736e-03 9.945313114151324019e-01 1.337320643425941782e-03
4.131367515266530337e-03 9.945313118620022763e-01 1.337320609693796450e-03
4.131367102128828336e-03 9.945313122088719204e-01 1.337320675961887941e-03
4.131366688991209603e-03 9.945313125557413425e-01 1.337320742229966206e-03
4.131366275853673269e-03 9.945313129026108756e-01 1.337320808498031243e-03
4.131365862716219334e-03 9.945313132494801867e-01 1.337320874766083053e-03
4.131365449578847798e-03 9.945313135963494977e-01 1.337320941034121418e-03
4.131365136441738674e-03 9.945313139432186977e-01 1.337320907301966762e-03
4.131364823304692867e-03 9.945313142900878978e-01 1.337320873569818611e-03
4.131364510167708642e-03 9.945313146369569868e-01 1.337320839837677399e-03
4.131364197030787735e-03 9.945313149838259648e-01 1.337320806105542692e-03
4.131363883893929279e-03 9.945313153306949427e-01 1.337320772373414924e-03
4.131363570757133272e-03 9.945313155775636904e-01 1.337320838641423799e-03
4.131363257620400582e-03 9.945313158244324381e-01 1.337320904909419664e-03
4.131362944483729475e-03 9.945313159713008444e-01 1.337321071177512057e-03
4.131362631347121686e-03 9.945313160181692425e-01 1.337321337445671271e-03
4.131362318210576347e-03 9.945313161650377598e-01 1.337321503713687120e-03
4.131362005074093458e-03 9.945313164119062854e-01 1.337321569981589960e-03
4.131361691937673886e-03 9.945313167587748193e-01 1.337321536249409283e-03
4.131361378801316764e-03 9.945313171056433532e-01 1.337321502517235545e-03
4.131361065665021225e-03 9.945313175525117844e-01 1.337321368785018404e-03
4.131360752528789003e-03 9.945313179993802155e-01 1.337321235052827935e-03
4.131360439392620099e-03 9.945313184462485356e-01 1.337321101320664354e-03
4.131360126256512777e-03 9.945313188931167447e-01 1.337320967588527445e-03
4.131359813120468773e-03 9.945313193399849538e-01 1.337320833856417424e-03
4.131359499984487219e-03 9.945313197868529409e-01 1.337320700124333857e-03
