2.806553268675493484e-01
2.806552991524958185e-01
2.806552715841959533e-01
2.806552435298108605e-01
2.806552158848447109e-01
2.806552063653797724e-01
2.806551851729353619e-01
2.806551573914455311e-01
2.806551301308869428e-01
2.806551025962572554e-01
2.806550750464177346e-01
2.806550470331161673e-01
2.806550373819418631e-01
2.806550699347361011e-01
2.806550581209805717e-01
2.806550453634756859e-01
2.806550247008026688e-01
2.806549971565958090e-01
2.806549693667468870e-01
2.806549416477749359e-01
2.806549138823617451e-01
2.806548861117488247e-01
2.806548594858950252e-01
2.806548315909678237e-01
2.806548042494037554e-01
2.806547802414033344e-01
2.806547527697187405e-01
2.806547259565028707e-01
2.806546997591125581e-01
2.806546722556122475e-01
2.806546442169786104e-01
2.806546164205944716e-01
2.806545885433344156e-01
2.806545624084338386e-01
2.806545343984511720e-01
2.806545078481431643e-01
2.806544798447782041e-01
2.806544519285065209e-01
2.806544240440723703e-01
2.806544232953422369e-01
2.806544246543323240e-01
2.806543968960361624e-01
2.806543691637717330e-01
2.806543508013351063e-01
2.806543245814014376e-01
2.806542968369402646e-01
2.806542694726668619e-01
2.806542426249181710e-01
2.806542153799755912e-01
2.806541882647687891e-01
2.806541614514708183e-01
2.806541356507957219e-01
2.806541088777488313e-01
2.806540808760729644e-01
2.806540528926210198e-01
2.806540258945643962e-01
2.806539983063204291e-01
2.806539908196679645e-01
2.806539800499204262e-01
2.806539589431967241e-01
2.806539310660804976e-01
2.806539037489318988e-01
2.806539110619469812e-01
2.806539356919398598e-01
2.806539088122380066e-01
2.806538816890972732e-01
2.806538944177450756e-01
2.806539522256136787e-01
2.806540241604414399e-01
2.806540960952548236e-01
2.806541680300538300e-01
2.806541935352790396e-01
2.806541656880027213e-01
2.806541420421442834e-01
2.806541140583418414e-01
2.806540863348058190e-01
2.806540583528163157e-01
2.806540303640255862e-01
2.806540025644300163e-01
2.806539748439192405e-01
2.806539468299200091e-01
2.806539762158294926e-01
2.806540367595437568e-01
2.806540848177405123e-01
2.806540806930666321e-01
2.806540532082006378e-01
2.806540251715876622e-01
2.806539972230685520e-01
2.806539692635439676e-01
2.806539412437646930e-01
2.806539134297970084e-01
2.806538855165354729e-01
2.806538576565328347e-01
2.806538309262661679e-01
2.806538030168250764e-01
2.806537750343164883e-01
2.806537492345969054e-01
2.806537212765237155e-01
2.806536932654030148e-01
2.806536727487824456e-01
