6.049107981796633116e-01
6.049107377035983779e-01
6.049106772386939612e-01
6.049106167559642477e-01
6.049105562754762966e-01
6.049104957905411251e-01
6.049104353033882830e-01
6.049103748251661861e-01
6.049103143581046060e-01
6.049102538709880683e-01
6.049101933950320475e-01
6.049101329123990345e-01
6.049100724253188011e-01
6.049100119516287455e-01
6.049099514690320367e-01
6.049098909775287858e-01
6.049098304994156017e-01
6.049097700123958754e-01
6.049097095298475724e-01
6.049096490428519379e-01
6.049095885625576097e-01
6.049095280755861781e-01
6.049094675930862808e-01
6.049094071016798413e-01
6.049093466303524513e-01
6.049092861523481801e-01
6.049092256654372557e-01
6.049091651807682046e-01
6.049091047005705768e-01
6.049090442159256176e-01
6.049089837246037771e-01
6.049089232399831317e-01
6.049088627576041377e-01
6.049088022663186015e-01
6.049087417839639214e-01
6.049086812993915707e-01
6.049086208215203042e-01
6.049085603414315893e-01
6.049084998658141865e-01
6.049084393879792243e-01
6.049083789168454572e-01
6.049083184368050370e-01
6.049082579500877355e-01
6.049081974656121963e-01
6.049081370034453675e-01
6.049080765279126748e-01
6.049080160590810662e-01
6.049079555813429154e-01
6.049078950946981115e-01
6.049078346192138245e-01
6.049077741348228843e-01
6.049077136593628001e-01
6.049076531772258347e-01
6.049075926951008597e-01
6.049075322107583252e-01
6.049074717331169859e-01
6.049074112421096716e-01
6.049073507555737805e-01
6.049072902668203300e-01
6.049072297803086418e-01
6.049071693027276986e-01
6.049071088162402132e-01
6.049070483275351684e-01
6.049069878366125641e-01
6.049069273457020612e-01
6.049068668570333207e-01
6.049068063661470207e-01
6.049067458841914657e-01
6.049066854000183513e-01
6.049066249270056428e-01
6.049065644473160530e-01
6.049065039743275474e-01
6.049064435169587695e-01
6.049063830373053730e-01
6.049063225532048671e-01
6.049062620802647672e-01
6.049062015984180141e-01
6.049061411121240406e-01
6.049060806369904730e-01
6.049060201551801352e-01
6.049059596733817878e-01
6.049058991982845246e-01
6.049058387120510583e-01
6.049057782347483370e-01
6.049057177485390735e-01
6.049056572623418004e-01
6.049055967873050443e-01
6.049055363167397115e-01
6.049054758417271582e-01
6.049054153667267064e-01
6.049053548850493733e-01
6.049052944145324462e-01
6.049052339395681877e-01
6.049051734668458025e-01
6.049051130030540513e-01
6.049050525370447406e-01
6.049049920532103553e-01
6.049049315693879603e-01
6.049048710855776667e-01
6.049048106062389074e-01
