6.375860452939401402e-01
6.375859828233139126e-01
6.375859198873714551e-01
6.375858568977497143e-01
6.375857937291679045e-01
6.375857310527733857e-01
6.375856680273949140e-01
6.375856049035941719e-01
6.375855421914429222e-01
6.375854795150986964e-01
6.375854165524109662e-01
6.375853537508110458e-01
6.375852905912787749e-01
6.375852278254985350e-01
6.375851648807583372e-01
6.375851019807738940e-01
6.375850388839324756e-01
6.375849757065659151e-01
6.375849127350303736e-01
6.375848498529934627e-01
6.375847867830483073e-01
6.375847239189339488e-01
6.375846606521443638e-01
6.375845975732883364e-01
6.375845344944449655e-01
6.375844714782544775e-01
6.375844086321003079e-01
6.375843456069864024e-01
6.375842824923990682e-01
6.375842193957215187e-01
6.375841562901080062e-01
6.375840929071002749e-01
6.375840296583343836e-01
6.375839664006325291e-01
6.375839030982002331e-01
6.375838399210610463e-01
6.375837766544484309e-01
6.375837134325915700e-01
6.375836501928501265e-01
6.375835869352241003e-01
6.375835237134052091e-01
6.375834603484212826e-01
6.375833970908333370e-01
6.375833341375101160e-01
6.375832712736856367e-01
6.375832081861587675e-01
6.375831451433874308e-01
6.375830819663999005e-01
6.375830190757798555e-01
6.375829560151492492e-01
6.375828930529656713e-01
6.375828300550004935e-01
6.375827669675618870e-01
6.375827039696218002e-01
6.375826408911570153e-01
6.375825779648308655e-01
6.375825148505969153e-01
6.375824516379412499e-01
6.375823885237326127e-01
6.375823254095365211e-01
6.375822624832734320e-01
6.375821992348739142e-01
6.375821360401785487e-01
6.375820726754728440e-01
6.375820096687229155e-01
6.375819464561682803e-01
6.375818831630891692e-01
6.375818199774055950e-01
6.375817567738375491e-01
6.375816937224078051e-01
6.375816306978364656e-01
6.375815675032547869e-01
6.375815042013029954e-01
6.375814409709523733e-01
6.375813780448656987e-01
6.375813147966431504e-01
6.375812515126391133e-01
6.375811885686931690e-01
6.375811253294570990e-01
6.375810621528736899e-01
6.375809989315600612e-01
6.375809356655163240e-01
6.375808723010509826e-01
6.375808090708268150e-01
6.375807458137695560e-01
6.375806825119821886e-01
6.375806193265387556e-01
6.375805560337253208e-01
6.375804928662042181e-01
6.375804296450044983e-01
6.375803663253832854e-01
6.375803031757972805e-01
6.375802399009441457e-01
6.375801765903094109e-01
6.375801131723048965e-01
6.375800497543129275e-01
6.375799863810763801e-01
6.375799229631098353e-01
6.375798595809502034e-01
6.375797960466779157e-01
