6.701190358773738698e-01
6.701190555727341014e-01
6.701190601568325356e-01
6.701190765794275972e-01
6.701190650017533335e-01
6.701190875052099871e-01
6.701191086551140375e-01
6.701191275221646260e-01
6.701191361870983965e-01
6.701191548925248265e-01
6.701191797798207173e-01
6.701191770709091777e-01
6.701191928874118409e-01
6.701192186433908571e-01
6.701192442175449848e-01
6.701192687815845650e-01
6.701192782545847271e-01
6.701192924144903085e-01
6.701193202714735841e-01
6.701193397445458499e-01
6.701193537630256714e-01
6.701193632158105595e-01
6.701193885677058093e-01
6.701193992730200000e-01
6.701194322613274190e-01
6.701194652496283988e-01
6.701194982379226062e-01
6.701195312262103743e-01
6.701195642144914810e-01
6.701195972027659264e-01
6.701196301910338216e-01
6.701196631792951663e-01
6.701196961675498498e-01
6.701197291557979829e-01
6.701197621440394547e-01
6.701197951322743762e-01
6.701198281205026364e-01
6.701198611087243462e-01
6.701198940969395057e-01
6.701199270851480039e-01
6.701199600733499517e-01
6.701199930615452383e-01
6.701200260497339745e-01
6.701200590379161603e-01
6.701200920260916849e-01
6.701201250142605481e-01
6.701201580024229720e-01
6.701201909905786236e-01
6.701202239787278359e-01
6.701202569668703868e-01
6.701202899550062764e-01
6.701203229431356156e-01
6.701203559312584046e-01
6.701203889193745322e-01
6.701204219074841095e-01
6.701204548955870255e-01
6.701204878836833911e-01
6.701205208717732065e-01
6.701205538598563605e-01
6.701205868479328531e-01
6.701206198360029065e-01
6.701206528240662985e-01
6.701206858121230292e-01
6.701207188001732096e-01
6.701207517882167286e-01
6.701207847762536973e-01
6.701208177642841157e-01
6.701208507523078728e-01
6.701208837403250795e-01
6.701209167283357360e-01
6.701209497163397311e-01
6.701209827043370648e-01
6.701210156923278483e-01
6.701210486803120814e-01
6.701210816682896532e-01
6.701211146562606746e-01
6.701211476442251458e-01
6.701211806321829556e-01
6.701212136201341041e-01
6.701212466080787022e-01
6.701212795960167501e-01
6.701213125839481366e-01
6.701213455718729728e-01
6.701213785597912587e-01
6.701214115477028832e-01
6.701214445356078464e-01
6.701214775235062593e-01
6.701215105113981219e-01
6.701215434992833231e-01
6.701215764871619740e-01
6.701216094750340746e-01
6.701216424628995139e-01
6.701216754507582918e-01
6.701217084386106304e-01
6.701217414264561967e-01
6.701217744142953237e-01
6.701218074021277893e-01
6.701218403899535936e-01
6.701218733777728476e-01
6.701219063655855512e-01
