3.298451792637304147e-01
3.298452147119753652e-01
3.298452663856522582e-01
3.298453053220250508e-01
3.298453522459502962e-01
3.298453745432266548e-01
3.298453564233517210e-01
3.298453237135464122e-01
3.298452909549361989e-01
3.298452658844493457e-01
3.298452329891168322e-01
3.298452262457732820e-01
3.298452025060378823e-01
3.298451700759946759e-01
3.298451371975811841e-01
3.298451053683069123e-01
3.298450725030480091e-01
3.298450470371054322e-01
3.298450219109704262e-01
3.298450027144873564e-01
3.298450342033272253e-01
3.298450847408074815e-01
3.298451242831992314e-01
3.298451909362396517e-01
3.298452579522231920e-01
3.298453249681932986e-01
3.298453919841500270e-01
3.298454590000933773e-01
3.298455260160232383e-01
3.298455930319397766e-01
3.298456600478428813e-01
3.298457270637326078e-01
3.298457940796089005e-01
3.298458610954717596e-01
3.298459281113212960e-01
3.298459951271573432e-01
3.298460621429800677e-01
3.298460976936380407e-01
3.298461222504797119e-01
3.298461731885761195e-01
3.298462053884416156e-01
3.298462164695925014e-01
3.298462039329594364e-01
3.298461788878108147e-01
3.298461459924988959e-01
3.298461131359922138e-01
3.298460808708594816e-01
3.298460481582965453e-01
3.298460218522183962e-01
3.298459951055925932e-01
3.298459660676593130e-01
3.298459352174578085e-01
3.298459037740181232e-01
3.298458709616797768e-01
3.298458401643758475e-01
3.298458185917745311e-01
3.298458124688684601e-01
3.298458257606258770e-01
3.298458053807782897e-01
3.298457725227872395e-01
3.298457397492837173e-01
3.298457068531329139e-01
3.298456769576255665e-01
3.298456443312007824e-01
3.298456118311908769e-01
3.298455814522836538e-01
3.298455486506585710e-01
3.298455164876528678e-01
3.298454835927989715e-01
3.298454563844518406e-01
3.298454291154090945e-01
3.298453967024275180e-01
3.298453710807723871e-01
3.298453388987173107e-01
3.298453068402609212e-01
3.298452739395061339e-01
3.298452412662302713e-01
3.298452083739366048e-01
3.298451755720753220e-01
3.298451570668699540e-01
3.298451244990632802e-01
3.298450921518518708e-01
3.298450593863107017e-01
3.298450441104787134e-01
3.298450574495236931e-01
3.298450323836312204e-01
3.298449997110379783e-01
3.298449848169456300e-01
3.298449600235963119e-01
3.298449299877561636e-01
3.298448974322075733e-01
3.298448647386804100e-01
3.298448364828975854e-01
3.298448036542140360e-01
3.298447707585782651e-01
3.298447392878557927e-01
3.298447128315341592e-01
3.298446801443028487e-01
3.298446717490080005e-01
3.298446690486459554e-01
