6.355037118358817239e-01
6.355036482934907083e-01
6.355035847511123492e-01
6.355035212095739849e-01
6.355034576660630874e-01
6.355033941210758153e-01
6.355033305762667339e-01
6.355032670331247635e-01
6.355032034926425544e-01
6.355031399500222777e-01
6.355030764085729533e-01
6.355030128720993154e-01
6.355029493364657833e-01
6.355028857998521463e-01
6.355028222635822344e-01
6.355027587303030412e-01
6.355026951983598904e-01
6.355026316647751639e-01
6.355025681320303210e-01
6.355025046024415092e-01
6.355024410761742626e-01
6.355023775464454516e-01
6.355023140274830284e-01
6.355022505012538625e-01
6.355021869730521633e-01
6.355021234456903478e-01
6.355020599191685271e-01
6.355019963915012893e-01
6.355019328621922536e-01
6.355018693312416422e-01
6.355018058031161043e-01
6.355017422715291131e-01
6.355016787392929745e-01
6.355016152080622538e-01
6.355015516756861160e-01
6.355014881431572116e-01
6.355014246086557739e-01
6.355013610885603681e-01
6.355012975641762818e-01
6.355012340480767907e-01
6.355011705293430735e-01
6.355011070088021352e-01
6.355010434776857675e-01
6.355009799488982036e-01
6.355009164224395546e-01
6.355008528918576483e-01
6.355007893604611713e-01
6.355007258277538540e-01
6.355006622899306290e-01
6.355005987526164413e-01
6.355005352187891310e-01
6.355004716871254233e-01
6.355004081500148505e-01
6.355003446183764559e-01
6.355002810845999939e-01
6.355002175501746065e-01
6.355001540165891027e-01
6.355000904866558997e-01
6.355000269522685930e-01
6.354999634260005692e-01
6.354998998957747114e-01
6.354998363730063327e-01
6.354997728522359113e-01
6.354997093293274224e-01
6.354996458011377136e-01
6.354995822751113854e-01
6.354995187577004989e-01
6.354994552302105637e-01
6.354993917053803898e-01
6.354993281808937189e-01
6.354992646529455946e-01
6.354992011301388022e-01
6.354991376020506788e-01
6.354990740809237648e-01
6.354990105707285508e-01
6.354989470593878087e-01
6.354988835371409017e-01
6.354988200271493026e-01
6.354987565158467522e-01
6.354986930029025149e-01
6.354986294969194871e-01
6.354985659821807964e-01
6.354985024745688493e-01
6.354984389638261844e-01
6.354983754525999062e-01
6.354983119473421871e-01
6.354982484301854306e-01
6.354981849221406076e-01
6.354981214071599993e-01
6.354980578946737291e-01
6.354979943754170968e-01
6.354979308617980660e-01
6.354978673526586741e-01
6.354978038357563808e-01
6.354977403153924120e-01
6.354976767928904868e-01
6.354976132664308386e-01
6.354975497437889143e-01
6.354974862277773529e-01
6.354974227165761658e-01
