6.981575050924209158e-01
6.981575352769662235e-01
6.981575654615054249e-01
6.981575956460386312e-01
6.981576258305658422e-01
6.981576560150869470e-01
6.981576861996021677e-01
6.981577163841111711e-01
6.981577465686141792e-01
6.981577767531111922e-01
6.981578069376022100e-01
6.981578371220871215e-01
6.981578673065660379e-01
6.981578974910388480e-01
6.981579276755056629e-01
6.981579578599664826e-01
6.981579880444211961e-01
6.981580182288699143e-01
6.981580484133126374e-01
6.981580785977492543e-01
6.981581087821798759e-01
6.981581389666043913e-01
6.981581691510229115e-01
6.981581993354354365e-01
6.981582295198418553e-01
6.981582597042422789e-01
6.981582898886365962e-01
6.981583200730250294e-01
6.981583502574072453e-01
6.981583804417835770e-01
6.981584106261538025e-01
6.981584408105179218e-01
6.981584709948761569e-01
6.981585011792282858e-01
6.981585313635743084e-01
6.981585615479143359e-01
6.981585917322483681e-01
6.981586219165762941e-01
6.981586521008982249e-01
6.981586822852141605e-01
6.981587124695239899e-01
6.981587426538278240e-01
6.981587728381256630e-01
6.981588030224173957e-01
6.981588332067031333e-01
6.981588633909827646e-01
6.981588935752564007e-01
6.981589237595240416e-01
6.981589539437855763e-01
6.981589841280411157e-01
6.981590143122905490e-01
6.981590444965339870e-01
6.981590746807714298e-01
6.981591048650028775e-01
6.981591350492282189e-01
6.981591652334474540e-01
6.981591954176608050e-01
6.981592256018679388e-01
6.981592557860691883e-01
6.981592859702643317e-01
6.981593161544534798e-01
6.981593463386365217e-01
6.981593765228135684e-01
6.981594067069846199e-01
6.981594368911495652e-01
6.981594670753085152e-01
6.981594972594613591e-01
6.981595274436083187e-01
6.981595576277490611e-01
6.981595878118839194e-01
6.981596179960126713e-01
6.981596481801353171e-01
6.981596783642520787e-01
6.981597085483627341e-01
6.981597387324672832e-01
6.981597689165658371e-01
6.981597991006583959e-01
6.981598292847448484e-01
6.981598594688253057e-01
6.981598896528997678e-01
6.981599198369681236e-01
6.981599500210304843e-01
6.981599802050868497e-01
6.981600103891371090e-01
6.981600405731813730e-01
6.981600707572195308e-01
6.981601009412516934e-01
6.981601311252778608e-01
6.981601613092979219e-01
6.981601914933119879e-01
6.981602216773199476e-01
6.981602518613219122e-01
6.981602820453178815e-01
6.981603122293077446e-01
6.981603424132916125e-01
6.981603725972694852e-01
6.981604027812412516e-01
6.981604329652070229e-01
6.981604631491667989e-01
6.981604933331204688e-01
