7.037812774983291941e-01
7.037813071204916948e-01
7.037813367426483113e-01
7.037813663647990436e-01
7.037813959869437808e-01
7.037814256090826337e-01
7.037814552312156025e-01
7.037814848533425760e-01
7.037815144754636654e-01
7.037815440975788706e-01
7.037815737196880805e-01
7.037816033417912953e-01
7.037816329638887369e-01
7.037816625859801833e-01
7.037816922080657456e-01
7.037817218301453126e-01
7.037817514522189954e-01
7.037817810742867941e-01
7.037818106963485976e-01
7.037818403184045168e-01
7.037818699404544409e-01
7.037818995624984808e-01
7.037819291845366365e-01
7.037819588065689080e-01
7.037819884285951844e-01
7.037820180506154655e-01
7.037820476726299734e-01
7.037820772946384862e-01
7.037821069166410037e-01
7.037821365386377481e-01
7.037821661606284973e-01
7.037821957826132513e-01
7.037822254045921211e-01
7.037822550265651067e-01
7.037822846485322081e-01
7.037823142704933144e-01
7.037823438924484254e-01
7.037823735143977633e-01
7.037824031363411059e-01
7.037824327582784534e-01
7.037824623802100277e-01
7.037824920021354957e-01
7.037825216240551907e-01
7.037825512459688904e-01
7.037825808678767059e-01
7.037826104897786372e-01
7.037826401116745734e-01
7.037826697335645143e-01
7.037826993554486821e-01
7.037827289773268546e-01
7.037827585991990320e-01
7.037827882210654362e-01
7.037828178429258452e-01
7.037828474647802590e-01
7.037828770866287886e-01
7.037829067084714341e-01
7.037829363303081953e-01
7.037829659521389614e-01
7.037829955739638432e-01
7.037830251957827299e-01
7.037830548175957324e-01
7.037830844394028507e-01
7.037831140612039738e-01
7.037831436829992127e-01
7.037831733047884564e-01
7.037832029265719269e-01
7.037832325483494023e-01
7.037832621701208824e-01
7.037832917918864784e-01
7.037833214136461901e-01
7.037833510353999067e-01
7.037833806571477391e-01
7.037834102788896873e-01
7.037834399006256403e-01
7.037834695223557091e-01
7.037834991440798937e-01
7.037835287657980832e-01
7.037835583875103884e-01
7.037835880092168095e-01
7.037836176309172354e-01
7.037836472526116660e-01
7.037836768743003235e-01
7.037837064959829858e-01
7.037837361176597639e-01
7.037837657393305468e-01
7.037837953609954456e-01
7.037838249826544601e-01
7.037838546043074794e-01
7.037838842259546146e-01
7.037839138475957546e-01
7.037839434692310103e-01
7.037839730908603819e-01
7.037840027124838693e-01
7.037840323341013615e-01
7.037840619557129695e-01
7.037840915773185824e-01
7.037841211989183110e-01
7.037841508205121555e-01
7.037841804421000047e-01
7.037842100636819698e-01
