2.500211501093811406e-01 7.499788498909414347e-01
2.500211654074160350e-01 7.499788345929065958e-01
2.500211807054478763e-01 7.499788192948747545e-01
2.500211969034852877e-01 7.499788030968373986e-01
2.500212121015099598e-01 7.499787878988126710e-01
2.500212264995240741e-01 7.499787735007985567e-01
2.500212406975335089e-01 7.499787593027891219e-01
2.500212568955584302e-01 7.499787431047642006e-01
2.500212727935774426e-01 7.499787272067451882e-01
2.500212890915968211e-01 7.499787109087259207e-01
2.500213073896307980e-01 7.499786926106919438e-01
2.500213242876487829e-01 7.499786757126739589e-01
2.500213397856511643e-01 7.499786602146715220e-01
2.500213552836504372e-01 7.499786447166721937e-01
2.500213754816866252e-01 7.499786245186360611e-01
2.500213974797338978e-01 7.499786025205888995e-01
2.500214191777742068e-01 7.499785808225485351e-01
2.500214408758102413e-01 7.499785591245125005e-01
2.500214629738451433e-01 7.499785370264775430e-01
2.500214864718868224e-01 7.499785135284359194e-01
2.500215094699198559e-01 7.499784905304027749e-01
2.500215324679482820e-01 7.499784675323742933e-01
2.500215569659837156e-01 7.499784430343389152e-01
2.500215823640210555e-01 7.499784176363015753e-01
2.500216089620622695e-01 7.499783910382603613e-01
2.500216343600893398e-01 7.499783656402333465e-01
2.500216595581098433e-01 7.499783404422127875e-01
2.500216829561123788e-01 7.499783170442102520e-01
2.500217054541037931e-01 7.499782945462188932e-01
2.500217288520970582e-01 7.499782711482256836e-01
2.500217494500662774e-01 7.499782505502563534e-01
2.500217714480409414e-01 7.499782285522818004e-01
2.500217942460165599e-01 7.499782057543061820e-01
2.500218151439750347e-01 7.499781848563477071e-01
2.500218370419358682e-01 7.499781629583869291e-01
2.500218617399102561e-01 7.499781382604124857e-01
2.500218866378808857e-01 7.499781133624418006e-01
2.500219110358434804e-01 7.499780889644791504e-01
2.500219349337982067e-01 7.499780650665245352e-01
2.500219586317469211e-01 7.499780413685758207e-01
2.500219818296878782e-01 7.499780181706349191e-01
2.500220068276347019e-01 7.499779931726880955e-01
2.500220310255719669e-01 7.499779689747508860e-01
2.500220548235020934e-01 7.499779451768207039e-01
2.500220793214313897e-01 7.499779206788914632e-01
2.500221072193740679e-01 7.499778927809487294e-01
2.500221369173207253e-01 7.499778630830019610e-01
2.500221663152599749e-01 7.499778336850628779e-01
2.500221905131667643e-01 7.499778094871560885e-01
2.500222138110641534e-01 7.499777861892586994e-01
2.500222354089486343e-01 7.499777645913742186e-01
2.500222578068325707e-01 7.499777421934902266e-01
2.500222795047087887e-01 7.499777204956139531e-01
2.500223029025884780e-01 7.499776970977343193e-01
2.500223271004671233e-01 7.499776728998557296e-01
2.500223537983518596e-01 7.499776462019709378e-01
2.500223822962390208e-01 7.499776177040837766e-01
2.500224131941305994e-01 7.499775868061921980e-01
2.500224456920225324e-01 7.499775543083002649e-01
2.500224765899015100e-01 7.499775234104212318e-01
2.500225052877658172e-01 7.499774947125570357e-01
2.500225336856231606e-01 7.499774663146996367e-01
2.500225625834767151e-01 7.499774374168460822e-01
2.500225899813190988e-01 7.499774100190036430e-01
2.500226167791539389e-01 7.499773832211689140e-01
2.500226427769806081e-01 7.499773572233421337e-01
2.500226682748004636e-01 7.499773317255222782e-01
2.500226903726043282e-01 7.499773096277184692e-01
2.500227129704053475e-01 7.499772870299175054e-01
2.500227372682068960e-01 7.499772627321158458e-01
2.500227632660085297e-01 7.499772367343142676e-01
2.500227923638137506e-01 7.499772076365091023e-01
2.500228252616232827e-01 7.499771747386995147e-01
2.500228556594197848e-01 7.499771443409030125e-01
2.500228862572107524e-01 7.499771137431121559e-01
2.500229167549953280e-01 7.499770832453275249e-01
2.500229484527765056e-01 7.499770515475463473e-01
2.500229782505472009e-01 7.499770217497756519e-01
2.500230066483090097e-01 7.499769933520138432e-01
2.500230331460613908e-01 7.499769668542615175e-01
2.500230607438105324e-01 7.499769392565124315e-01
2.500230880415535983e-01 7.499769119587693655e-01
2.500231157392918124e-01 7.499768842610311514e-01
2.500231407370202552e-01 7.499768592633027087e-01
2.500231676347465237e-01 7.499768323655763291e-01
2.500231917324634567e-01 7.499768082678593961e-01
2.500232175301778104e-01 7.499767824701449870e-01
2.500232457278899201e-01 7.499767542724329328e-01
2.500232722255945061e-01 7.499767277747283467e-01
2.500232972232923068e-01 7.499767027770305461e-01
2.500233248209874359e-01 7.499766751793355279e-01
2.500233538186781290e-01 7.499766461816448349e-01
2.500233799163610326e-01 7.499766200839619312e-01
2.500234038140373705e-01 7.499765961862855379e-01
2.500234281117091339e-01 7.499765718886137744e-01
2.500234529093762204e-01 7.499765470909467435e-01
2.500234769070381891e-01 7.499765230932847748e-01
2.500234986046948604e-01 7.499765013956281035e-01
2.500235217023473178e-01 7.499764782979757571e-01
2.500235433999951629e-01 7.499764566003278565e-01
