1.020097935001365152e-03
1.020097980539565533e-03
1.020098017869469024e-03
1.020098073617960134e-03
1.020098108145017345e-03
1.020098124053273828e-03
1.020098136357890138e-03
1.020098178292406328e-03
1.020098220627318163e-03
1.020098257957171347e-03
1.020098326718728342e-03
1.020098366050583173e-03
1.020098385762639812e-03
1.020098429899326956e-03
1.020098502064271549e-03
1.020098588443535317e-03
1.020098651399163874e-03
1.020098715956394746e-03
1.020098767900897915e-03
1.020098878904922247e-03
1.020098940659285806e-03
1.020099028640067971e-03
1.020099145049480028e-03
1.020099226623769019e-03
1.020099322212160821e-03
1.020099399982583952e-03
1.020099468143311882e-03
1.020099566534473636e-03
1.020099635495977678e-03
1.020099732886095350e-03
1.020099799445149842e-03
1.020099882020315948e-03
1.020099960391233126e-03
1.020100022145408250e-03
1.020100092908638812e-03
1.020100202310740990e-03
1.020100305906978914e-03
1.020100409102793438e-03
1.020100534520944997e-03
1.020100606485297443e-03
1.020100678850038162e-03
1.020100769433088120e-03
1.020100858614710710e-03
1.020100945594100980e-03
1.020101031172064750e-03
1.020101138772152227e-03
1.020101271797778549e-03
1.020101401419956991e-03
1.020101519030036218e-03
1.020101584787980881e-03
1.020101635330622567e-03
1.020101718506043545e-03
1.020101786466161113e-03
1.020101858430287611e-03
1.020101939403448947e-03
1.020102048805147802e-03
1.020102169217883140e-03
1.020102321262358891e-03
1.020102520354044086e-03
1.020102679205288528e-03
1.020102806825147869e-03
1.020102908418856792e-03
1.020103032034648874e-03
1.020103131225903910e-03
1.020103222609304106e-03
1.020103339618398794e-03
1.020103437608388180e-03
1.020103523586307409e-03
1.020103590945533245e-03
1.020103690537074639e-03
1.020103804543052257e-03
1.020103974004617697e-03
1.020104125848483954e-03
1.020104257472047131e-03
1.020104403109633323e-03
1.020104521920298839e-03
1.020104690781106120e-03
1.020104845227433159e-03
1.020104965039021977e-03
1.020105056221901150e-03
1.020105147204561358e-03
1.020105264413476891e-03
1.020105396237008365e-03
1.020105498230635885e-03
1.020105605829857084e-03
1.020105700816426476e-03
1.020105822229437631e-03
1.020105949248036829e-03
1.020106100090460667e-03
1.020106201483355615e-03
1.020106319292661328e-03
1.020106464929793674e-03
1.020106572328631760e-03
1.020106651299002801e-03
1.020106731870960544e-03
1.020106817447909283e-03
1.020106914836656090e-03
1.020106987600754005e-03
1.020107073778252086e-03
1.020107145140918079e-03
