6.236793053895340888e-01
6.236792430273987442e-01
6.236791806686793338e-01
6.236791183129755112e-01
6.236790559530798195e-01
6.236789935921956962e-01
6.236789312305232036e-01
6.236788688676619952e-01
6.236788065072156328e-01
6.236787441447796398e-01
6.236786817829568230e-01
6.236786194213467249e-01
6.236785570599492345e-01
6.236784946985641787e-01
6.236784323353898873e-01
6.236783699730287234e-01
6.236783076090786082e-01
6.236782452459416204e-01
6.236781828838181552e-01
6.236781205233088432e-01
6.236780581620111619e-01
6.236779957995246537e-01
6.236779334374511485e-01
6.236778710771918588e-01
6.236778087145425920e-01
6.236777463519058706e-01
6.236776839944868644e-01
6.236776216320751853e-01
6.236775592718782901e-01
6.236774969120942869e-01
6.236774345507211104e-01
6.236773721885595645e-01
6.236773098300141260e-01
6.236772474680778444e-01
6.236771851069546901e-01
6.236771227462444278e-01
6.236770603837449300e-01
6.236769980232599320e-01
6.236769356617862803e-01
6.236768733019267819e-01
6.236768109412789141e-01
6.236767485826455459e-01
6.236766862226231778e-01
6.236766238600107704e-01
6.236765614972105132e-01
6.236764991362245825e-01
6.236764367736495895e-01
6.236763744126886388e-01
6.236763120497381685e-01
6.236762496859993288e-01
6.236761873222729236e-01
6.236761249601606716e-01
6.236760625960587889e-01
6.236760002341716902e-01
6.236759378686934641e-01
6.236758755050294534e-01
6.236758131421787921e-01
6.236757507779391307e-01
6.236756884141123614e-01
6.236756260516994610e-01
6.236755636866964103e-01
6.236755013223065358e-01
6.236754389573284652e-01
6.236753765937642635e-01
6.236753142314136467e-01
6.236752518678744250e-01
6.236751895039471805e-01
6.236751271412337427e-01
6.236750647777318246e-01
6.236750024144427362e-01
6.236749400509657981e-01
6.236748776873012323e-01
6.236748153242497317e-01
6.236747529606100349e-01
6.236746905985844913e-01
6.236746282363712091e-01
6.236745658733695574e-01
6.236745035095795364e-01
6.236744411464026916e-01
6.236743787812362161e-01
6.236743164174837206e-01
6.236742540551449832e-01
6.236741916904163796e-01
6.236741293267011876e-01
6.236740669646001489e-01
6.236740046011101102e-01
6.236739422364314667e-01
6.236738798713648002e-01
6.236738175063106793e-01
6.236737551422699699e-01
6.236736927776411754e-01
6.236736304132248776e-01
6.236735680508233015e-01
6.236735056904360031e-01
6.236734433282594692e-01
6.236733809642935888e-01
6.236733186033431853e-01
6.236732562394022850e-01
6.236731938786770346e-01
6.236731315149611765e-01
