6.279852592762075192e-01
6.279851964770661876e-01
6.279851336779374016e-01
6.279850708788211611e-01
6.279850080797174661e-01
6.279849452806263166e-01
6.279848824815478237e-01
6.279848196824817652e-01
6.279847568834283633e-01
6.279846940843875069e-01
6.279846312853591961e-01
6.279845684863434307e-01
6.279845056873402109e-01
6.279844428883495366e-01
6.279843800893715189e-01
6.279843172904059356e-01
6.279842544914530089e-01
6.279841916925126277e-01
6.279841288935847921e-01
6.279840660946695019e-01
6.279840032957667573e-01
6.279839404968765582e-01
6.279838776979990156e-01
6.279838148991339075e-01
6.279837521002814560e-01
6.279836893014415500e-01
6.279836265026141895e-01
6.279835637037993745e-01
6.279835009049971051e-01
6.279834381062074922e-01
6.279833753074303138e-01
6.279833125086657919e-01
6.279832497099138156e-01
6.279831869111743847e-01
6.279831241124474994e-01
6.279830613137331596e-01
6.279829985150313654e-01
6.279829357163421166e-01
6.279828729176655244e-01
6.279828101190014777e-01
6.279827473203498656e-01
6.279826845217109099e-01
6.279826217230844998e-01
6.279825589244707462e-01
6.279824961258694271e-01
6.279824333272806536e-01
6.279823705287045366e-01
6.279823077301409651e-01
6.279822449315898281e-01
6.279821821330513476e-01
6.279821193345255237e-01
6.279820565360121343e-01
6.279819937375112904e-01
6.279819309390231030e-01
6.279818681405473502e-01
6.279818053420842539e-01
6.279817425436337031e-01
6.279816797451956978e-01
6.279816169467702380e-01
6.279815541483573238e-01
6.279814913499569551e-01
6.279814285515692429e-01
6.279813657531939652e-01
6.279813029548313441e-01
6.279812401564812685e-01
6.279811773581437384e-01
6.279811145598187538e-01
6.279810517615063148e-01
6.279809889632065323e-01
6.279809261649191843e-01
6.279808633666444928e-01
6.279808005683823469e-01
6.279807377701327464e-01
6.279806749718956915e-01
6.279806121736711821e-01
6.279805493754592183e-01
6.279804865772599110e-01
6.279804237790730381e-01
6.279803609808988218e-01
6.279802981827370401e-01
6.279802353845879148e-01
6.279801725864513351e-01
6.279801097883274119e-01
6.279800469902159232e-01
6.279799841921169801e-01
6.279799213940306934e-01
6.279798585959569523e-01
6.279797957978956457e-01
6.279797329998469957e-01
6.279796702018108912e-01
6.279796074037874432e-01
6.279795446057764297e-01
6.279794818077779617e-01
6.279794190097921502e-01
6.279793562118188843e-01
6.279792934138580529e-01
6.279792306159098780e-01
6.279791678179742487e-01
6.279791050200512759e-01
6.279790422221407376e-01
