6.464476312859600560e-01
6.464475666469697845e-01
6.464475020069915256e-01
6.464474373674266028e-01
6.464473727296763395e-01
6.464473080921393500e-01
6.464472434536142620e-01
6.464471788165034871e-01
6.464471141804065679e-01
6.464470495405187922e-01
6.464469849032465909e-01
6.464469202637850298e-01
6.464468556229350238e-01
6.464467909845004190e-01
6.464467263462788660e-01
6.464466617098721946e-01
6.464465970728776600e-01
6.464465324336939878e-01
6.464464677937222792e-01
6.464464031559657986e-01
6.464463385180220234e-01
6.464462738834947375e-01
6.464462092515829150e-01
6.464461446160802982e-01
6.464460799775876287e-01
6.464460153383071450e-01
6.464459506982387360e-01
6.464458860597848133e-01
6.464458214241467493e-01
6.464457567865194987e-01
6.464456921483047180e-01
6.464456275091017279e-01
6.464455628711128776e-01
6.464454982315354092e-01
6.464454335911700156e-01
6.464453689536203695e-01
6.464453043166842328e-01
6.464452396801615430e-01
6.464451750424504706e-01
6.464451104055530806e-01
6.464450457688689644e-01
6.464449811321976158e-01
6.464449164949387372e-01
6.464448518574924529e-01
6.464447872198589851e-01
6.464447225858420687e-01
6.464446579482344690e-01
6.464445933130421595e-01
6.464445286732581897e-01
6.464444640370906603e-01
6.464443994025377282e-01
6.464443347655953742e-01
6.464442701294667026e-01
6.464442054957534323e-01
6.464441408600509753e-01
6.464440762253624850e-01
6.464440115894858341e-01
6.464439469546229278e-01
6.464438823181715144e-01
6.464438176829341298e-01
6.464437530465084736e-01
6.464436884106964376e-01
6.464436237734957347e-01
6.464435591395113478e-01
6.464434945019361667e-01
6.464434298659755829e-01
6.464433652308286815e-01
6.464433005924915543e-01
6.464432359541674167e-01
6.464431713172574812e-01
6.464431066807608817e-01
6.464430420418748602e-01
6.464429774048034982e-01
6.464429127675449527e-01
6.464428481315005470e-01
6.464427834954690200e-01
6.464427188580490480e-01
6.464426542188400626e-01
6.464425895792437204e-01
6.464425249390596262e-01
6.464424603012909332e-01
6.464423956637354030e-01
6.464423310253919475e-01
6.464422663868611973e-01
6.464422017475426330e-01
6.464421371076364276e-01
6.464420724695448817e-01
6.464420078314663254e-01
6.464419431905978897e-01
6.464418785503429632e-01
6.464418139115022388e-01
6.464417492728747883e-01
6.464416846346606738e-01
6.464416199952581765e-01
6.464415553572701034e-01
6.464414907182939318e-01
6.464414260795308120e-01
6.464413614415814857e-01
6.464412968046461261e-01
6.464412321651210602e-01
