7.394240755636038998e-01
7.394241016214516682e-01
7.394241276792943296e-01
7.394241537371316619e-01
7.394241797949638872e-01
7.394242058527908945e-01
7.394242319106125727e-01
7.394242579684291439e-01
7.394242840262404970e-01
7.394243100840466321e-01
7.394243361418475491e-01
7.394243621996431370e-01
7.394243882574336180e-01
7.394244143152189919e-01
7.394244403729990367e-01
7.394244664307738635e-01
7.394244924885434722e-01
7.394245185463078629e-01
7.394245446040671466e-01
7.394245706618211011e-01
7.394245967195699487e-01
7.394246227773134672e-01
7.394246488350518787e-01
7.394246748927849611e-01
7.394247009505129364e-01
7.394247270082356938e-01
7.394247530659532330e-01
7.394247791236655543e-01
7.394248051813726574e-01
7.394248312390745426e-01
7.394248572967712096e-01
7.394248833544626587e-01
7.394249094121488897e-01
7.394249354698299026e-01
7.394249615275058085e-01
7.394249875851763854e-01
7.394250136428417441e-01
7.394250397005019959e-01
7.394250657581569186e-01
7.394250918158067343e-01
7.394251178734513319e-01
7.394251439310906004e-01
7.394251699887247620e-01
7.394251960463537054e-01
7.394252221039774309e-01
7.394252481615959383e-01
7.394252742192092276e-01
7.394253002768172989e-01
7.394253263344201521e-01
7.394253523920177873e-01
7.394253784496102044e-01
7.394254045071975145e-01
7.394254305647794956e-01
7.394254566223562586e-01
7.394254826799279146e-01
7.394255087374942415e-01
7.394255347950554613e-01
7.394255608526114631e-01
7.394255869101621359e-01
7.394256129677077016e-01
7.394256390252480493e-01
7.394256650827831789e-01
7.394256911403130905e-01
7.394257171978377841e-01
7.394257432553572595e-01
7.394257693128715170e-01
7.394257953703805564e-01
7.394258214278843777e-01
7.394258474853829810e-01
7.394258735428764773e-01
7.394258996003646445e-01
7.394259256578477046e-01
7.394259517153254357e-01
7.394259777727980598e-01
7.394260038302653548e-01
7.394260298877275428e-01
7.394260559451845127e-01
7.394260820026362646e-01
7.394261080600827984e-01
7.394261341175241142e-01
7.394261601749602120e-01
7.394261862323910917e-01
7.394262122898167533e-01
7.394262383472371969e-01
7.394262644046524224e-01
7.394262904620624299e-01
7.394263165194673304e-01
7.394263425768669018e-01
7.394263686342613662e-01
7.394263946916505015e-01
7.394264207490345298e-01
7.394264468064132290e-01
7.394264728637868211e-01
7.394264989211551953e-01
7.394265249785183514e-01
7.394265510358762894e-01
7.394265770932290094e-01
7.394266031505765113e-01
7.394266292079187952e-01
7.394266552652558611e-01
