2.373975966808289650e-01 7.626024033211654674e-01
2.373976141634628612e-01 7.626023858385315712e-01
2.373976356461320325e-01 7.626023643558623721e-01
2.373976584621430574e-01 7.626023415398512917e-01
2.373976799448035135e-01 7.626023200571908633e-01
2.373977013163475480e-01 7.626022986856468844e-01
2.373977207989808325e-01 7.626022792030135999e-01
2.373977422816286043e-01 7.626022577203658281e-01
2.373977615420296561e-01 7.626022384599647763e-01
2.373977812468752724e-01 7.626022187551191323e-01
2.373978003961564887e-01 7.626021996058379715e-01
2.373978185454250212e-01 7.626021814565693280e-01
2.373978394724919061e-01 7.626021605295025818e-01
2.373978603995546277e-01 7.626021396024398324e-01
2.373978819932854312e-01 7.626021180087090290e-01
2.373979035870119325e-01 7.626020964149825554e-01
2.373979246251739783e-01 7.626020753768204541e-01
2.373979469966760736e-01 7.626020530053183588e-01
2.373979704792937850e-01 7.626020295227006196e-01
2.373979916285548497e-01 7.626020083734396104e-01
2.373980153333873910e-01 7.626019846686070691e-01
2.373980393715511283e-01 7.626019606304432763e-01
2.373980630763741217e-01 7.626019369256202829e-01
2.373980860034087537e-01 7.626019139985856787e-01
2.373981097082223657e-01 7.626018902937721222e-01
2.373981326352477272e-01 7.626018673667467329e-01
2.373981555622685091e-01 7.626018444397258955e-01
2.373981759337107367e-01 7.626018240682836957e-01
2.373981954162537322e-01 7.626018045857407834e-01
2.373982145654571219e-01 7.626017854365373383e-01
2.373982298257409917e-01 7.626017701762535239e-01
2.373982446415743019e-01 7.626017553604202970e-01
2.373982601240758050e-01 7.626017398779187939e-01
2.373982776065874378e-01 7.626017223954072444e-01
2.373982952002073876e-01 7.626017048017872391e-01
2.373983113493700892e-01 7.626016886526245653e-01
2.373983274985295711e-01 7.626016725034651111e-01
2.373983449810274649e-01 7.626016550209672173e-01
2.373983620190746879e-01 7.626016379829200220e-01
2.373983805015715820e-01 7.626016195004230447e-01
2.373983972062765346e-01 7.626016027957182031e-01
2.373984153554309640e-01 7.626015846465636905e-01
2.373984325045760957e-01 7.626015674974185865e-01
2.373984489870473447e-01 7.626015510149473098e-01
2.373984670250794404e-01 7.626015329769152418e-01
2.373984821742034235e-01 7.626015178277912865e-01
2.373984981011062756e-01 7.626015019008883788e-01
2.373985141391176390e-01 7.626014858628770154e-01
2.373985298437907288e-01 7.626014701582038979e-01
2.373985449929023883e-01 7.626014550090922661e-01
2.373985635864723220e-01 7.626014364155223602e-01
2.373985839578248713e-01 7.626014160441697554e-01
2.373986044402849604e-01 7.626013955617096940e-01
2.373986250338525894e-01 7.626013749681420650e-01
2.373986474052018625e-01 7.626013525967927364e-01
2.373986657765290442e-01 7.626013342254654992e-01
2.373986827034019476e-01 7.626013172985925959e-01
2.373987002969409066e-01 7.626012997050537479e-01
2.373987186682573192e-01 7.626012813337372798e-01
2.373987373729047057e-01 7.626012626290898933e-01
2.373987572997753592e-01 7.626012427022191842e-01
2.373987780044227447e-01 7.626012219975718542e-01
2.373988002646273132e-01 7.626011997373672857e-01
2.373988234137195119e-01 7.626011765882750870e-01
2.373988476739220810e-01 7.626011523280724624e-01
2.373988712674508506e-01 7.626011287345436651e-01
2.373988965276471186e-01 7.626011034743473971e-01
2.373989230100644332e-01 7.626010769919301380e-01
2.373989486035847918e-01 7.626010513984097239e-01
2.373989753082144938e-01 7.626010246937799941e-01
2.373990032350646040e-01 7.626009967669299394e-01
2.373990316063548378e-01 7.626009683956397334e-01
2.373990600887508073e-01 7.626009399132437361e-01
2.373990912378146634e-01 7.626009087641798523e-01
2.373991218313153684e-01 7.626008781706792305e-01
2.373991506470279067e-01 7.626008493549666367e-01
2.373991796849574398e-01 7.626008203170371313e-01
2.373992090562151713e-01 7.626007909457793721e-01
2.373992390941351283e-01 7.626007609078594429e-01
2.373992697987170886e-01 7.626007302032774549e-01
2.373993026144080309e-01 7.626006973875865125e-01
2.373993335412001304e-01 7.626006664607944963e-01
2.373993641346521244e-01 7.626006358673425023e-01
2.373993941725415502e-01 7.626006058294531043e-01
2.373994193215287485e-01 7.626005806804658782e-01
2.373994442482884049e-01 7.626005557537063329e-01
2.373994708417118960e-01 7.626005291602828695e-01
2.373994959906838842e-01 7.626005040113109645e-01
2.373995214729845149e-01 7.626004785290102506e-01
2.373995462886127616e-01 7.626004537133820316e-01
2.373995701042351247e-01 7.626004298977595575e-01
2.373995965865215163e-01 7.626004034154731936e-01
2.373996226243578478e-01 7.626003773776368622e-01
2.373996501066342746e-01 7.626003498953604076e-01
2.373996769222382619e-01 7.626003230797564481e-01
2.373997029600587449e-01 7.626002970419359928e-01
2.373997297756520741e-01 7.626002702263426913e-01
2.373997515912389944e-01 7.626002484107557988e-01
2.373997746290439359e-01 7.626002253729509128e-01
2.373997988890664546e-01 7.626002011129283664e-01
