1.076687750294594032e-03
1.076687798602067939e-03
1.076687872122976484e-03
1.076687956520257314e-03
1.076688044872570410e-03
1.076688113944002361e-03
1.076688174610942583e-03
1.076688226873393026e-03
1.076688287540309829e-03
1.076688336342072373e-03
1.076688394784252071e-03
1.076688431968044792e-03
1.076688496342772345e-03
1.076688575796099076e-03
1.076688646597748125e-03
1.076688726792614931e-03
1.076688785729101048e-03
1.076688877541879998e-03
1.076688961444553002e-03
1.076689023100090232e-03
1.076689107249922082e-03
1.076689215129992844e-03
1.076689283706810029e-03
1.076689367115020489e-03
1.076689470545611187e-03
1.076689536897671752e-03
1.076689624260872193e-03
1.076689683938773920e-03
1.076689748066083285e-03
1.076689796373221956e-03
1.076689854815138844e-03
1.076689868515669354e-03
1.076689900508248946e-03
1.076689946837834297e-03
1.076689987729234155e-03
1.076690015766755028e-03
1.076690077174892500e-03
1.076690124987580120e-03
1.076690166373325212e-03
1.076690226298290592e-03
1.076690265212120216e-03
1.076690317721373889e-03
1.076690332904980648e-03
1.076690359212117455e-03
1.076690427294290167e-03
1.076690458298014061e-03
1.076690510065653281e-03
1.076690569001778576e-03
1.076690627690702305e-03
1.076690646334920202e-03
1.076690715158591573e-03
1.076690782746302392e-03
1.076690864423795069e-03
1.076690921629523722e-03
1.076690995396927149e-03
1.076691054332956600e-03
1.076691091763505278e-03
1.076691148474809984e-03
1.076691189613180472e-03
1.076691248796356193e-03
1.076691301305411456e-03
1.076691354308834721e-03
1.076691453289429059e-03
1.076691533730819370e-03
1.076691637160779712e-03
1.076691713152732027e-03
1.076691805953524685e-03
1.076691934102329187e-03
1.076692043959121903e-03
1.076692172849443930e-03
1.076692263425453079e-03
1.076692400472961837e-03
1.076692505880264081e-03
1.076692656275920514e-03
1.076692830648865850e-03
1.076692936797659815e-03
1.076693075080976687e-03
1.076693194330730205e-03
1.076693341018411304e-03
1.076693506986784029e-03
1.076693677651708930e-03
1.076693815687694133e-03
1.076694003655759724e-03
1.076694132792893870e-03
1.076694247593063241e-03
1.076694360910078301e-03
1.076694456429494679e-03
1.076694530196301144e-03
1.076694620771911307e-03
1.076694753369545135e-03
1.076694863225814399e-03
1.076694985688671745e-03
1.076695089117997396e-03
1.076695166839710359e-03
1.076695264583664999e-03
1.076695418439351437e-03
1.076695514700131600e-03
1.076695613679963309e-03
1.076695718097916976e-03
1.076695823010226285e-03
