6.647276218585341789e-01
6.647276553861005688e-01
6.647276889136602973e-01
6.647277224412132535e-01
6.647277559687594373e-01
6.647277894962990707e-01
6.647278230238319319e-01
6.647278565513580206e-01
6.647278900788774481e-01
6.647279236063902141e-01
6.647279571338963189e-01
6.647279906613956513e-01
6.647280241888882113e-01
6.647280577163741100e-01
6.647280912438533473e-01
6.647281247713258123e-01
6.647281582987916160e-01
6.647281918262507583e-01
6.647282253537031282e-01
6.647282588811488369e-01
6.647282924085877731e-01
6.647283259360200480e-01
6.647283594634456616e-01
6.647283929908645028e-01
6.647284265182766827e-01
6.647284600456820902e-01
6.647284935730808364e-01
6.647285271004729212e-01
6.647285606278582337e-01
6.647285941552368849e-01
6.647286276826087636e-01
6.647286612099739811e-01
6.647286947373325372e-01
6.647287282646843209e-01
6.647287617920294434e-01
6.647287953193677934e-01
6.647288288466994821e-01
6.647288623740245095e-01
6.647288959013427645e-01
6.647289294286543582e-01
6.647289629559591795e-01
6.647289964832573395e-01
6.647290300105488381e-01
6.647290635378335644e-01
6.647290970651116293e-01
6.647291305923830329e-01
6.647291641196476641e-01
6.647291976469055230e-01
6.647292311741567206e-01
6.647292647014012568e-01
6.647292982286391316e-01
6.647293317558702341e-01
6.647293652830945643e-01
6.647293988103123441e-01
6.647294323375233516e-01
6.647294658647275867e-01
6.647294993919251604e-01
6.647295329191160729e-01
6.647295664463002129e-01
6.647295999734776917e-01
6.647296335006483980e-01
6.647296670278124431e-01
6.647297005549698268e-01
6.647297340821204381e-01
6.647297676092643881e-01
6.647298011364016768e-01
6.647298346635321931e-01
6.647298681906559370e-01
6.647299017177731306e-01
6.647299352448835519e-01
6.647299687719872008e-01
6.647300022990841883e-01
6.647300358261745146e-01
6.647300693532580684e-01
6.647301028803349610e-01
6.647301364074051921e-01
6.647301699344686510e-01
6.647302034615254485e-01
6.647302369885754736e-01
6.647302705156188374e-01
6.647303040426554288e-01
6.647303375696853589e-01
6.647303710967086277e-01
6.647304046237251240e-01
6.647304381507349591e-01
6.647304716777381328e-01
6.647305052047345342e-01
6.647305387317242742e-01
6.647305722587072419e-01
6.647306057856835482e-01
6.647306393126531932e-01
6.647306728396160658e-01
6.647307063665722771e-01
6.647307398935217160e-01
6.647307734204644936e-01
6.647308069474006098e-01
6.647308404743299537e-01
6.647308740012525252e-01
6.647309075281685464e-01
6.647309410550777953e-01
