3.313198240690434782e-01 6.686801759387641653e-01
3.313198909377164103e-01 6.686801090700912331e-01
3.313199578063759088e-01 6.686800422014317347e-01
3.313200246750220845e-01 6.686799753327855589e-01
3.313200915436548821e-01 6.686799084641528168e-01
3.313201584122743015e-01 6.686798415955333974e-01
3.313202252808803427e-01 6.686797747269273007e-01
3.313202921494730058e-01 6.686797078583346376e-01
3.313203590180522906e-01 6.686796409897554083e-01
3.313204258866181973e-01 6.686795741211895017e-01
3.313204927551707257e-01 6.686795072526369177e-01
3.313205596237098760e-01 6.686794403840977674e-01
3.313206264922357036e-01 6.686793735155719398e-01
3.313206933607480975e-01 6.686793066470595459e-01
3.313207602292471687e-01 6.686792397785604747e-01
3.313208270977328063e-01 6.686791729100748372e-01
3.313208939662051211e-01 6.686791060416025223e-01
3.313209608346640578e-01 6.686790391731436412e-01
3.313210277031096163e-01 6.686789723046980827e-01
3.313210945715417965e-01 6.686789054362658469e-01
3.313211614399605986e-01 6.686788385678470448e-01
3.313212283083660226e-01 6.686787716994416764e-01
3.313212951767580683e-01 6.686787048310496306e-01
3.313213620451367358e-01 6.686786379626709076e-01
3.313214289135020807e-01 6.686785710943056182e-01
3.313214957818539919e-01 6.686785042259536516e-01
3.313215626501925803e-01 6.686784373576151186e-01
3.313216295185177351e-01 6.686783704892899083e-01
3.313216963868295672e-01 6.686783036209781317e-01
3.313217632551280212e-01 6.686782367526796778e-01
3.313218301234130414e-01 6.686781698843945465e-01
3.313218969916847390e-01 6.686781030161229600e-01
3.313219638599430583e-01 6.686780361478645851e-01
3.313220307281879995e-01 6.686779692796196439e-01
3.313220975964195625e-01 6.686779024113880254e-01
3.313221644646378028e-01 6.686778355431698406e-01
3.313222293328300094e-01 6.686777706749775785e-01
3.313222942010092265e-01 6.686777058067983059e-01
3.313223590691755094e-01 6.686776409386320230e-01
3.313224239373288027e-01 6.686775760704786187e-01
3.313224888054691619e-01 6.686775112023383150e-01
3.313225536735964760e-01 6.686774463342108898e-01
3.313226185417108560e-01 6.686773814660964543e-01
3.313226834098123019e-01 6.686773165979950084e-01
3.313227482779007027e-01 6.686772517299065521e-01
3.313228131459761694e-01 6.686771868618309744e-01
3.313228780140386465e-01 6.686771219937684974e-01
3.313229428820881894e-01 6.686770571257188989e-01
3.313230077501246873e-01 6.686769922576822900e-01
3.313230726181482511e-01 6.686769273896586707e-01
3.313231374861588807e-01 6.686768625216480411e-01
3.313232023541564653e-01 6.686767976536504010e-01
3.313232672221411157e-01 6.686767327856657506e-01
3.313233320901127765e-01 6.686766679176939787e-01
3.313233969580715033e-01 6.686766030497353075e-01
3.313234618260171849e-01 6.686765381817895149e-01
3.313235266939499324e-01 6.686764733138567118e-01
3.313235915618697458e-01 6.686764084459368984e-01
3.313236564297765141e-01 6.686763435780300746e-01
3.313237212976703483e-01 6.686762787101361294e-01
3.313237821655355964e-01 6.686762178422708258e-01
3.313238430333886875e-01 6.686761569744177347e-01
3.313239039012295661e-01 6.686760961065767450e-01
3.313239627690511280e-01 6.686760372387552387e-01
3.313240216368608659e-01 6.686759783709455007e-01
3.313240805046588355e-01 6.686759195031475311e-01
3.313241393724450368e-01 6.686758606353613299e-01
3.313241982402194696e-01 6.686758017675868970e-01
3.313242591079883503e-01 6.686757408998179608e-01
3.313243179757390244e-01 6.686756820320672867e-01
3.313243768434779302e-01 6.686756231643283810e-01
3.313244357112050675e-01 6.686755642966012436e-01
3.313244945789204365e-01 6.686755054288858746e-01
3.313245534466240372e-01 6.686754465611822740e-01
3.313246123143158695e-01 6.686753876934904417e-01
3.313246711819958779e-01 6.686753288258103778e-01
3.313247300496641734e-01 6.686752699581421933e-01
3.313247889173206451e-01 6.686752110904856661e-01
3.313248477849654039e-01 6.686751522228409073e-01
3.313249046525943431e-01 6.686750953552119681e-01
3.313249615202119025e-01 6.686750384875943531e-01
3.313250183878180821e-01 6.686749816199880625e-01
3.313250752554129375e-01 6.686749247523932072e-01
3.313251321229963575e-01 6.686748678848096761e-01
3.313251889905684533e-01 6.686748110172375803e-01
3.313252438581263393e-01 6.686747561496796388e-01
3.313252967256706816e-01 6.686747032821352965e-01
3.313253515932068627e-01 6.686746484145991154e-01
3.313254064607320526e-01 6.686745935470739255e-01
3.313254613282462513e-01 6.686745386795597268e-01
3.313255141957476835e-01 6.686744858120582391e-01
3.313255670632385130e-01 6.686744329445672985e-01
3.313256199307188510e-01 6.686743800770870161e-01
3.313256727981885308e-01 6.686743272096172808e-01
3.313257256656476635e-01 6.686742743421580926e-01
3.313257805330970251e-01 6.686742194747087309e-01
3.313258334005348416e-01 6.686741666072708590e-01
3.313258862679620553e-01 6.686741137398435342e-01
3.313259391353787220e-01 6.686740608724268675e-01
3.313259940027847850e-01 6.686740060050208045e-01
