1.477741830491505204e-01
1.477742682725673995e-01
1.477743534959672367e-01
1.477744387193500319e-01
1.477745239427157853e-01
1.477746091660644967e-01
1.477746943893961662e-01
1.477747796127107660e-01
1.477748648360083517e-01
1.477749500592888676e-01
1.477750352825523417e-01
1.477751205057987738e-01
1.477752057290281917e-01
1.477752909522405123e-01
1.477753761754358186e-01
1.477754613986140830e-01
1.477755466217753055e-01
1.477756318449194584e-01
1.477757170680465970e-01
1.477758022911566660e-01
1.477758875142496930e-01
1.477759727373256782e-01
1.477760579603846214e-01
1.477761431834265227e-01
1.477762284064513820e-01
1.477763136294591995e-01
1.477763988524499472e-01
1.477764840754236808e-01
1.477765692983803447e-01
1.477766545213199945e-01
1.477767397442425745e-01
1.477768249671481127e-01
1.477769101900366089e-01
1.477769954129080632e-01
1.477770806357624755e-01
1.477771658585998182e-01
1.477772362241836779e-01
1.477772907529205926e-01
1.477773508327008545e-01
1.477774263411331113e-01
1.477774416859299889e-01
1.477774711532546525e-01
1.477774851919140819e-01
1.477774708222483746e-01
1.477774664118239600e-01
1.477774518788967928e-01
1.477774449378495003e-01
1.477774429764213415e-01
1.477774464027761525e-01
1.477774445229813050e-01
1.477774302349627866e-01
1.477774154571488141e-01
1.477774019854664056e-01
1.477773872076582340e-01
1.477773734094492419e-01
1.477773587132799049e-01
1.477773445069115177e-01
1.477773298107480093e-01
1.477773150329544372e-01
1.477773087449937017e-01
1.477772948651678575e-01
1.477772834343337172e-01
1.477772689014495433e-01
1.477772546951000854e-01
1.477772400805887898e-01
1.477772450579837304e-01
1.477772424435159215e-01
1.477772353392383387e-01
1.477772384390754479e-01
1.477772313347996691e-01
1.477772193325519456e-01
1.477772065956106939e-01
1.477771935321404717e-01
1.477771795707113478e-01
1.477771647929564669e-01
1.477771505050016199e-01
1.477771357272525676e-01
1.477771362964790391e-01
1.477771336820252190e-01
1.477771189042823008e-01
1.477771059224640970e-01
1.477771125325205159e-01
1.477770984894792861e-01
1.477770837933785608e-01
1.477770690156480216e-01
1.477770549726153404e-01
1.477770402765234137e-01
1.477770259885981541e-01
1.477770124353704473e-01
1.477769976576544242e-01
1.477769828799413432e-01
1.477769681022312320e-01
1.477769533245240907e-01
1.477769387917179933e-01
1.477769249936090601e-01
1.477769114404009210e-01
1.477768972341340636e-01
1.477768825380740836e-01
1.477768693930375521e-01
1.477768561663710400e-01
