2.598428624400500597e-01 7.401571375669351305e-01
2.598428404555483962e-01 7.401571595514369051e-01
2.598428184710510624e-01 7.401571815359341278e-01
2.598427974865677448e-01 7.401572025204175009e-01
2.598427760020838861e-01 7.401572240049013596e-01
2.598427550176090062e-01 7.401572449893761840e-01
2.598427360331569402e-01 7.401572639738281945e-01
2.598427170487087046e-01 7.401572829582764301e-01
2.598426975642596504e-01 7.401573024427253733e-01
2.598426775798100552e-01 7.401573224271750240e-01
2.598426575953644568e-01 7.401573424116206779e-01
2.598426371109184285e-01 7.401573628960668172e-01
2.598426171264808793e-01 7.401573828805043664e-01
2.598425971420472713e-01 7.401574028649380299e-01
2.598425766576134555e-01 7.401574233493718458e-01
2.598425561731837474e-01 7.401574438338016648e-01
2.598425356887581472e-01 7.401574643182272650e-01
2.598425152043365993e-01 7.401574848026488684e-01
2.598424952199231974e-01 7.401575047870623258e-01
2.598424757355178305e-01 7.401575242714676373e-01
2.598424562511162939e-01 7.401575437558691739e-01
2.598424362667148269e-01 7.401575637402706409e-01
2.598424167823211728e-01 7.401575832246642950e-01
2.598423982979390368e-01 7.401576017090464310e-01
2.598423793135568038e-01 7.401576206934286084e-01
2.598423603291783457e-01 7.401576396778070110e-01
2.598423413448037178e-01 7.401576586621816389e-01
2.598423223604328647e-01 7.401576776465523810e-01
2.598423033760658418e-01 7.401576966309193484e-01
2.598422843917025937e-01 7.401577156152825410e-01
2.598422649073396928e-01 7.401577350996454419e-01
2.598422444229739336e-01 7.401577555840112010e-01
2.598422239386122823e-01 7.401577760683729634e-01
2.598422034542546832e-01 7.401577965527305070e-01
2.598421839699077140e-01 7.401578160370775317e-01
2.598421649855677806e-01 7.401578350214174096e-01
2.598421460012316775e-01 7.401578540057534017e-01
2.598421275169024991e-01 7.401578724900825801e-01
2.598421090325769844e-01 7.401578909744080947e-01
2.598420910482581725e-01 7.401579089587269067e-01
2.598420730639429688e-01 7.401579269430421659e-01
2.598420570796429740e-01 7.401579429273421606e-01
2.598420405953433265e-01 7.401579594116418637e-01
2.598420246110497711e-01 7.401579753959355301e-01
2.598420096267649027e-01 7.401579903802203431e-01
2.598419956424883881e-01 7.401580043644967466e-01
2.598419821582173550e-01 7.401580178487677797e-01
2.598419701739568821e-01 7.401580298330283636e-01
2.598419586897012801e-01 7.401580413172840212e-01
2.598419472054480095e-01 7.401580528015373472e-01
2.598419352211945310e-01 7.401580647857908257e-01
2.598419242369482962e-01 7.401580757700370050e-01
2.598419132527042263e-01 7.401580867542810749e-01
2.598419022684623769e-01 7.401580977385228133e-01
2.598418912842226924e-01 7.401581087227624423e-01
2.598418817999918473e-01 7.401581182069932874e-01
2.598418728157650404e-01 7.401581271912200943e-01
2.598418633315379145e-01 7.401581366754472757e-01
2.598418548473168110e-01 7.401581451596683792e-01
2.598418458630953332e-01 7.401581541438898570e-01
2.598418373788776714e-01 7.401581626281075188e-01
2.598418288946616750e-01 7.401581711123235152e-01
2.598418204104473439e-01 7.401581795965378463e-01
2.598418129262383691e-01 7.401581870807468766e-01
2.598418044420273687e-01 7.401581955649578770e-01
2.598417954578163824e-01 7.401582045491688078e-01
2.598417859736055213e-01 7.401582140333796689e-01
2.598417774893997945e-01 7.401582225175854512e-01
2.598417685051941928e-01 7.401582315017910529e-01
2.598417590209888828e-01 7.401582409859963629e-01
2.598417490367840310e-01 7.401582509702011592e-01
2.598417395525825513e-01 7.401582604544026944e-01
2.598417290683802672e-01 7.401582709386048675e-01
2.598417190841814661e-01 7.401582809228037796e-01
2.598417090999846080e-01 7.401582909070005822e-01
2.598416986157884856e-01 7.401583013911966491e-01
2.598416886315956797e-01 7.401583113753894549e-01
2.598416791474059684e-01 7.401583208595791108e-01
2.598416696632181444e-01 7.401583303437669903e-01
2.598416596790312227e-01 7.401583403279539120e-01
2.598416506948481586e-01 7.401583493121369761e-01
2.598416422106678003e-01 7.401583577963173344e-01
2.598416347264908555e-01 7.401583652804942792e-01
2.598416272423154094e-01 7.401583727646697808e-01
2.598416217581444587e-01 7.401583782488406760e-01
2.598416157739739663e-01 7.401583842330112795e-01
2.598416082898026280e-01 7.401583917171825622e-01
2.598415998056315956e-01 7.401584002013535946e-01
2.598415913214622841e-01 7.401584086855229616e-01
2.598415833372951789e-01 7.401584166696900668e-01
2.598415733531279082e-01 7.401584266538574486e-01
2.598415633689625803e-01 7.401584366380227209e-01
2.598415523847985575e-01 7.401584476221867437e-01
2.598415429006376010e-01 7.401584571063476448e-01
2.598415344164790586e-01 7.401584655905061316e-01
2.598415254323220291e-01 7.401584745746632166e-01
2.598415149481663189e-01 7.401584850588188713e-01
2.598415049640128149e-01 7.401584950429723753e-01
2.598414964798614890e-01 7.401585035271237567e-01
2.598414884957118698e-01 7.401585115112734314e-01
