2.846770529703308329e-03
2.846770245023465696e-03
2.846769960343679441e-03
2.846769675663950432e-03
2.846769390984278669e-03
2.846769106304663718e-03
2.846768826650277699e-03
2.846768541970775938e-03
2.846768257291330990e-03
2.846767982662284924e-03
2.846767703008123117e-03
2.846767418328847738e-03
2.846767133649629172e-03
2.846766848970467851e-03
2.846766564291362909e-03
2.846766279612315213e-03
2.846765994933324329e-03
2.846765710254390690e-03
2.846765425575513864e-03
2.846765145921859464e-03
2.846764861243095829e-03
2.846764576564389439e-03
2.846764301936068053e-03
2.846764022282638300e-03
2.846763737604101046e-03
2.846763452925620604e-03
2.846763168247196975e-03
2.846762883568830591e-03
2.846762598890521020e-03
2.846762314212268261e-03
2.846762029534072747e-03
2.846761744855934046e-03
2.846761460177852157e-03
2.846761185550144430e-03
2.846760910922492213e-03
2.846760626244579026e-03
2.846760341566723085e-03
2.846760071964393908e-03
2.846759787286650290e-03
2.846759512659274762e-03
2.846759227981643901e-03
2.846758948329225058e-03
2.846758693802632981e-03
2.846758409125169521e-03
2.846758124447762873e-03
2.846757839770413037e-03
2.846757560118272617e-03
2.846757310617098555e-03
2.846757041015369159e-03
2.846756761363392670e-03
2.846756476686321258e-03
2.846756197034457092e-03
2.846755927432946705e-03
2.846755657831490528e-03
2.846755388230088561e-03
2.846755113603592537e-03
2.846754854052593355e-03
2.846754569375912255e-03
2.846754289724434065e-03
2.846754005047866590e-03
2.846753750522227309e-03
2.846753475896059583e-03
2.846753206295091296e-03
2.846752921618745866e-03
2.846752636942457247e-03
2.846752357291368503e-03
2.846752097740904482e-03
2.846751823115066787e-03
2.846751538439001947e-03
2.846751258788134814e-03
2.846750979137323626e-03
2.846750714561987593e-03
2.846750434911286560e-03
2.846750165310918922e-03
2.846749880635190619e-03
2.846749595959519562e-03
2.846749326359316289e-03
2.846749041683757555e-03
2.846748757008255633e-03
2.846748472332810524e-03
2.846748227858503840e-03
2.846747968308842129e-03
2.846747708759232026e-03
2.846747424084005926e-03
2.846747149459102379e-03
2.846746899959917611e-03
2.846746615284857611e-03
2.846746340660117561e-03
2.846746055985170318e-03
2.846745776335410805e-03
2.846745491660577186e-03
2.846745206985799945e-03
2.846744922311079951e-03
2.846744707988217975e-03
2.846744438388989183e-03
2.846744153714431385e-03
2.846743869039930833e-03
2.846743604465993421e-03
2.846743385118244256e-03
2.846743120544408326e-03
