5.999908838702350256e-01
5.999908947241058277e-01
5.999909060700713281e-01
5.999909278803993162e-01
5.999909322529196620e-01
5.999909456083063475e-01
5.999909617348871960e-01
5.999909486169516803e-01
5.999909450018079404e-01
5.999909451050166043e-01
5.999909624211913206e-01
5.999909933743193813e-01
5.999910253408635707e-01
5.999910625540931797e-01
5.999910980055385146e-01
5.999911080571637134e-01
5.999911342406526460e-01
5.999911676512226233e-01
5.999911807296892663e-01
5.999911799740086371e-01
5.999911988887537406e-01
5.999912248269733128e-01
5.999912111058233188e-01
5.999912445169660602e-01
5.999912780272020907e-01
5.999913180283702463e-01
5.999913580295305193e-01
5.999913980306826877e-01
5.999914380318268625e-01
5.999914780329631547e-01
5.999915180340913423e-01
5.999915580352115363e-01
5.999915980363237367e-01
5.999916380374279434e-01
5.999916780385241566e-01
5.999917180396123761e-01
5.999917580406924911e-01
5.999917980417647234e-01
5.999918380428289622e-01
5.999918780438852073e-01
5.999919180449333478e-01
5.999919580459736057e-01
5.999919980470057590e-01
5.999920380480299187e-01
5.999920780490461958e-01
5.999921180500543683e-01
5.999921580510545471e-01
5.999921980520467324e-01
5.999922380530309240e-01
5.999922780540071221e-01
5.999923180549753265e-01
5.999923580559355374e-01
5.999923980568877546e-01
5.999924380578319782e-01
5.999924780587682083e-01
5.999925180596963337e-01
5.999925580606165765e-01
5.999925980615287147e-01
5.999926252892073819e-01
5.999926577449294918e-01
5.999926656534022573e-01
5.999926903128880440e-01
5.999927212570769219e-01
5.999927255296920725e-01
5.999927477531199482e-01
5.999927727671433564e-01
5.999928035487483990e-01
5.999928172390014414e-01
5.999928441114746880e-01
5.999928582854059389e-01
5.999928812553558810e-01
5.999928833759936575e-01
5.999929161613783979e-01
5.999929476158222252e-01
5.999929687595232375e-01
5.999929663285890058e-01
5.999929900334509680e-01
5.999930002539942686e-01
5.999930299272290268e-01
5.999930381583729044e-01
5.999930479184470977e-01
5.999930270696552936e-01
5.999930133758347717e-01
5.999930243789535211e-01
5.999930643797111163e-01
5.999931043804606068e-01
5.999931443812022147e-01
5.999931843819357180e-01
5.999932243826613387e-01
5.999932643833788548e-01
5.999933043840884883e-01
5.999933443847900172e-01
5.999933843854835525e-01
5.999934243861690941e-01
5.999934643868467532e-01
5.999935043875163077e-01
5.999935443881778685e-01
5.999935843888314357e-01
5.999936158769636485e-01
5.999936220413657484e-01
