6.407671308413538380e-01
6.407670668702880601e-01
6.407670028881987667e-01
6.407669389236987367e-01
6.407668749391826069e-01
6.407668109669418799e-01
6.407667470143338928e-01
6.407666830502936062e-01
6.407666190592886668e-01
6.407665550789241049e-01
6.407664910944846914e-01
6.407664271231381381e-01
6.407663631587532382e-01
6.407662992270810598e-01
6.407662352843854769e-01
6.407661713441552553e-01
6.407661074080251984e-01
6.407660434563754448e-01
6.407659795509272893e-01
6.407659156213756368e-01
6.407658516587280140e-01
6.407657877247056044e-01
6.407657238021410295e-01
6.407656598869467812e-01
6.407655959648165256e-01
6.407655320357503737e-01
6.407654681050619638e-01
6.407654041694813563e-01
6.407653402465847137e-01
6.407652763768384441e-01
6.407652124874848587e-01
6.407651485740278874e-01
6.407650846605836836e-01
6.407650207790347441e-01
6.407649568840099175e-01
6.407648929599765175e-01
6.407648290461747109e-01
6.407647651323856719e-01
6.407647012276018739e-01
6.407646373305970755e-01
6.407645734360576384e-01
6.407645094953422493e-01
6.407644455918358739e-01
6.407643817001960063e-01
6.407643178057076394e-01
6.407642539202246246e-01
6.407641900008280711e-01
6.407641261026992829e-01
6.407640622074446402e-01
6.407639983211952384e-01
6.407639344104335555e-01
6.407638705360633180e-01
6.407638066478084093e-01
6.407637427787775675e-01
6.407636788958620544e-01
6.407636150051929658e-01
6.407635511235292292e-01
6.407634872692643535e-01
6.407634233761810849e-01
6.407633595350217259e-01
6.407632956660803680e-01
6.407632317918378062e-01
6.407631679004407443e-01
6.407631040033340275e-01
6.407630401250423713e-01
6.407629762508509907e-01
6.407629123668625581e-01
6.407628485221266157e-01
6.407627846062813326e-01
6.407627207072074116e-01
6.407626568314449544e-01
6.407625929593740999e-01
6.407625290926296513e-01
6.407624652320291769e-01
6.407624013530479612e-01
6.407623375116842102e-01
6.407622736903618721e-01
6.407622098531111643e-01
6.407621460359018695e-01
6.407620822019466367e-01
6.407620184076527892e-01
6.407619545929342797e-01
6.407618907700535216e-01
6.407618269851991233e-01
6.407617632428673771e-01
6.407616994384186526e-01
6.407616356924334955e-01
6.407615719153963996e-01
6.407615081449119510e-01
6.407614444463798353e-01
6.407613806513959842e-01
6.407613169173284051e-01
6.407612531836821557e-01
6.407611894018165888e-01
6.407611256052487825e-01
6.407610618127811408e-01
6.407609980260489113e-01
6.407609342855177248e-01
6.407608705740204247e-01
6.407608067865088186e-01
