6.652070962982161717e-01
6.652071297778346937e-01
6.652071632574464433e-01
6.652071967370515315e-01
6.652072093054236523e-01
6.652072382523933625e-01
6.652072608195986891e-01
6.652072910535367090e-01
6.652073245331122653e-01
6.652073580126811603e-01
6.652073833342759812e-01
6.652074168138322197e-01
6.652074502933817968e-01
6.652074837729247125e-01
6.652075172524609670e-01
6.652075507319904490e-01
6.652075842115132698e-01
6.652076111132811942e-01
6.652076242993938404e-01
6.652076577788992306e-01
6.652076912583979595e-01
6.652077247378899161e-01
6.652077582173752113e-01
6.652077916968538451e-01
6.652078251763258177e-01
6.652078586557910178e-01
6.652078921352495566e-01
6.652079256147014341e-01
6.652079590941465392e-01
6.652079925735849830e-01
6.652080260530167655e-01
6.652080595324417756e-01
6.652080578825521062e-01
6.652080436260632279e-01
6.652080609863240124e-01
6.652080904218466983e-01
6.652081239012486158e-01
6.652081573806437609e-01
6.652081908600322446e-01
6.652082243394140670e-01
6.652082578187891171e-01
6.652082912981575058e-01
6.652083215181021636e-01
6.652083549974574517e-01
6.652083884768061894e-01
6.652084219561480438e-01
6.652084554354833479e-01
6.652084889148118796e-01
6.652085223941337500e-01
6.652085558734488480e-01
6.652085795306540428e-01
6.652086057956364540e-01
6.652086177259598498e-01
6.652086156461912703e-01
6.652086329925757102e-01
6.652086198688976770e-01
6.652086154194452039e-01
6.652085872317986537e-01
6.652085990355496303e-01
6.652086325148236501e-01
6.652086659940910085e-01
6.652086994733515946e-01
6.652087329526055193e-01
6.652087639406156772e-01
6.652087974198565012e-01
6.652088058601582921e-01
6.652088393393882360e-01
6.652088728186114075e-01
6.652089062978279177e-01
6.652089397770376555e-01
6.652089732562408431e-01
6.652090067354372582e-01
6.652090402146269010e-01
6.652090736938099935e-01
6.652091071729863136e-01
6.652091406521559724e-01
6.652091741313188589e-01
6.652092076104750840e-01
6.652092410896246477e-01
6.652092745687675501e-01
6.652093014288433803e-01
6.652093349079735152e-01
6.652093624522498194e-01
6.652093959313670757e-01
6.652094255057099392e-01
6.652094589848143169e-01
6.652094924639119222e-01
6.652095259430028662e-01
6.652095594220870378e-01
6.652095929011645481e-01
6.652096263802353970e-01
6.652096598592995846e-01
6.652096933383569999e-01
6.652097268174077538e-01
6.652097602964518464e-01
6.652097786714731287e-01
6.652098121505053419e-01
6.652098456295307827e-01
6.652098791085495622e-01
6.652099125875616803e-01
