6.291059690455754749e-01
6.291059718430767056e-01
6.291059723565359807e-01
6.291059699860223065e-01
6.291059703756392008e-01
6.291059690781802827e-01
6.291059630025288563e-01
6.291059853139892022e-01
6.291060084112637396e-01
6.291060372275320001e-01
6.291060662650300728e-01
6.291060873862494018e-01
6.291060833630114368e-01
6.291060809148711908e-01
6.291061063053069446e-01
6.291061064964158511e-01
6.291061306207353931e-01
6.291061537276150251e-01
6.291061814292621124e-01
6.291062058524198308e-01
6.291062259418342961e-01
6.291062213305207429e-01
6.291062247491796544e-01
6.291062618388391092e-01
6.291062989284911255e-01
6.291063360181357034e-01
6.291063731077728427e-01
6.291064101974025435e-01
6.291064472870248059e-01
6.291064843766397408e-01
6.291065214662472371e-01
6.291065585558472950e-01
6.291065956454399144e-01
6.291066327350252063e-01
6.291066698246029487e-01
6.291067069141733636e-01
6.291067440037363401e-01
6.291067810932918780e-01
6.291068181828400885e-01
6.291068552723807494e-01
6.291068923619140829e-01
6.291069294514399779e-01
6.291069665409584344e-01
6.291070036304694524e-01
6.291070407199730319e-01
6.291070778094692839e-01
6.291071148989580974e-01
6.291071519884394725e-01
6.291071890779134090e-01
6.291072261673799071e-01
6.291072632568390777e-01
6.291073003462908098e-01
6.291073374357351033e-01
6.291073745251719584e-01
6.291074116146013750e-01
6.291074487040234642e-01
6.291074830083561720e-01
6.291074691864140256e-01
6.291074794374937884e-01
6.291074976164243715e-01
6.291075285747855794e-01
6.291075516478059626e-01
6.291075384984654573e-01
6.291075557051880596e-01
6.291075842556620445e-01
6.291076082195370400e-01
6.291076147093661586e-01
6.291076517987234107e-01
6.291076888880731133e-01
6.291077259774155994e-01
6.291077630667505360e-01
6.291078001560780342e-01
6.291078372453982048e-01
6.291078743347109370e-01
6.291079114240161196e-01
6.291079485133140858e-01
6.291079856026045025e-01
6.291080226918874807e-01
6.291080597811631314e-01
6.291080968704313436e-01
6.291081339596921174e-01
6.291081710489454526e-01
6.291081747704422300e-01
6.291082047804489319e-01
6.291082363618276663e-01
6.291082542548851464e-01
6.291082777445351493e-01
6.291082795891168589e-01
6.291082947794056635e-01
6.291083037959118718e-01
6.291083161413031366e-01
6.291083381482990289e-01
6.291083532209141849e-01
6.291083585819891022e-01
6.291083388781635310e-01
6.291083251202100879e-01
6.291083107467605462e-01
6.291083033588547035e-01
6.291082989246027379e-01
6.291082903081741673e-01
