4.436789327949423600e-01
4.436789399974603865e-01
4.436789087362771333e-01
4.436788647375030092e-01
4.436788210040708003e-01
4.436787783263687057e-01
4.436787474604081960e-01
4.436787196101129038e-01
4.436786778590954827e-01
4.436786527006205127e-01
4.436786084173310885e-01
4.436785798696598615e-01
4.436785474814800012e-01
4.436785184103692048e-01
4.436785027437870066e-01
4.436784965169665584e-01
4.436784939294561303e-01
4.436785333671405263e-01
4.436785889997378329e-01
4.436786446323239819e-01
4.436787002648990286e-01
4.436787558974629175e-01
4.436788115300157043e-01
4.436788671625573333e-01
4.436789227950878600e-01
4.436789784276072846e-01
4.436790340601155513e-01
4.436790896926127159e-01
4.436791453250987227e-01
4.436792009575736273e-01
4.436792565900373742e-01
4.436793122224900188e-01
4.436793678549315612e-01
4.436794234873619458e-01
4.436794791197811727e-01
4.436795347521893529e-01
4.436795903845863198e-01
4.436796460169722400e-01
4.436797016493470025e-01
4.436797572817106072e-01
4.436798129140631097e-01
4.436798685464045100e-01
4.436799241787347525e-01
4.436799798110538373e-01
4.436800354433618754e-01
4.436800910756587557e-01
4.436801467079444783e-01
4.436802023402190986e-01
4.436802579724825613e-01
4.436802841809405207e-01
4.436803078835693248e-01
4.436803156815077864e-01
4.436803350498397802e-01
4.436803683669294229e-01
4.436804161369833355e-01
4.436804614677384295e-01
4.436804665313773266e-01
4.436804831309354435e-01
4.436804983942122527e-01
4.436804787691701057e-01
4.436804675137035470e-01
4.436804388168904545e-01
4.436803949945761771e-01
4.436803507361969379e-01
4.436803123327569542e-01
4.436802693545595089e-01
4.436802252501145238e-01
4.436801854310627458e-01
4.436801596777940615e-01
4.436801668673147070e-01
4.436801228406532238e-01
4.436800789871474526e-01
4.436800347617055884e-01
4.436799904897794078e-01
4.436799464495259637e-01
4.436799186161338171e-01
4.436798744821085494e-01
4.436798302262482396e-01
4.436797907078816050e-01
4.436797470901158724e-01
4.436797029673479886e-01
4.436796587804605063e-01
4.436796147875701757e-01
4.436795869213677190e-01
4.436795426094546912e-01
4.436794984610779591e-01
4.436794835488201416e-01
4.436794541451650753e-01
4.436794212906104429e-01
4.436793783711223682e-01
4.436793347390170505e-01
4.436792905506073414e-01
4.436792463670160558e-01
4.436792023966602549e-01
4.436791580607819530e-01
4.436791144639909978e-01
4.436790709513770969e-01
4.436790274612168461e-01
4.436789831782795845e-01
4.436789900336277626e-01
