1.143001102382058265e-01 8.856998897729673192e-01
1.143001024747853783e-01 8.856998975363877813e-01
1.143000943780299455e-01 8.856999056331431586e-01
1.143000879479587756e-01 8.856999120632143008e-01
1.143000811845523990e-01 8.856999188266206913e-01
1.143000750878202937e-01 8.856999249233528104e-01
1.143000689910893958e-01 8.856999310200837083e-01
1.143000618943505325e-01 8.856999381168225716e-01
1.143000544642767402e-01 8.856999455468964610e-01
1.143000483675497420e-01 8.856999516436235842e-01
1.143000439375054800e-01 8.856999560736678045e-01
1.143000378407807577e-01 8.856999621703925962e-01
1.143000324107297377e-01 8.856999676004435607e-01
1.143000273140159923e-01 8.856999726971573894e-01
1.143000202172862606e-01 8.856999797938871488e-01
1.143000137872302313e-01 8.856999862239430810e-01
1.143000086905198720e-01 8.856999913206534680e-01
1.143000032604744864e-01 8.856999967506987703e-01
1.142999988304382875e-01 8.857000011807349971e-01
1.142999950670749582e-01 8.857000049440983958e-01
1.142999919703843181e-01 8.857000080407889664e-01
1.142999882070224321e-01 8.857000118041509218e-01
1.142999844436612955e-01 8.857000155675121000e-01
1.142999810136367950e-01 8.857000189975365867e-01
1.142999789169562852e-01 8.857000210942169716e-01
1.142999791536268156e-01 8.857000208575463995e-01
1.142999770569469303e-01 8.857000229542262293e-01
1.142999769602818516e-01 8.857000230508913496e-01
1.142999761969454020e-01 8.857000238142277437e-01
1.142999754336091051e-01 8.857000245775639158e-01
1.142999730035948042e-01 8.857000270075783277e-01
1.142999682402317807e-01 8.857000317709413650e-01
1.142999641435408359e-01 8.857000358676321294e-01
1.142999600468507099e-01 8.857000399643222277e-01
1.142999549501548945e-01 8.857000450610180708e-01
1.142999488534537089e-01 8.857000511577193258e-01
1.142999437567600307e-01 8.857000562544130595e-01
1.142999373267258034e-01 8.857000626844472313e-01
1.142999298966867472e-01 8.857000701144863708e-01
1.142999214666431812e-01 8.857000785445300339e-01
1.142999130366012944e-01 8.857000869745719207e-01
1.142999039398905764e-01 8.857000960712826387e-01
1.142998948431816764e-01 8.857001051679915804e-01
1.142998854131393877e-01 8.857001145980338830e-01
1.142998759830989725e-01 8.857001240280744092e-01
1.142998662197253212e-01 8.857001337914479633e-01
1.142998557896834216e-01 8.857001442214899045e-01
1.142998453596436037e-01 8.857001546515297363e-01
1.142998342629358149e-01 8.857001657482374002e-01
1.142998228328952343e-01 8.857001771782779809e-01
1.142998114028569434e-01 8.857001886083163411e-01
1.142997999728209424e-01 8.857002000383522589e-01
1.142997885427872312e-01 8.857002114683860672e-01
1.142997771127557960e-01 8.857002228984174330e-01
1.142997656827266506e-01 8.857002343284465784e-01
1.142997542526997812e-01 8.857002457584735033e-01
1.142997428226752155e-01 8.857002571884979858e-01
1.142997313926529257e-01 8.857002686185203588e-01
1.142997199626329258e-01 8.857002800485402894e-01
1.142997085326152018e-01 8.857002914785579994e-01
1.142996971025997816e-01 8.857003029085734891e-01
1.142996856725866373e-01 8.857003143385866473e-01
1.142996742425757689e-01 8.857003257685974740e-01
1.142996628125672043e-01 8.857003371986060802e-01
1.142996513825609156e-01 8.857003486286123550e-01
1.142996399525569168e-01 8.857003600586162984e-01
1.142996285225551939e-01 8.857003714886180212e-01
1.142996174258901765e-01 8.857003825852830525e-01
1.142996059958930055e-01 8.857003940152802235e-01
1.142995945658981105e-01 8.857004054452750630e-01
1.142995831359055053e-01 8.857004168752676820e-01
1.142995723725837159e-01 8.857004276385895825e-01
1.142995626092667832e-01 8.857004374019064041e-01
1.142995525126176137e-01 8.857004474985554765e-01
1.142995430826387881e-01 8.857004569285343853e-01
1.142995339859959880e-01 8.857004660251771577e-01
1.142995248893550198e-01 8.857004751218181537e-01
1.142995181260543086e-01 8.857004818851188510e-01
1.142995120294230116e-01 8.857004879817501619e-01
1.142995055994589643e-01 8.857004944117141676e-01
1.142994998361641090e-01 8.857005001750090090e-01
1.142994954062061669e-01 8.857005046049669650e-01
1.142994896429134905e-01 8.857005103682595859e-01
1.142994852129574357e-01 8.857005147982156545e-01
1.142994814496699346e-01 8.857005185615032250e-01
1.142994766863817957e-01 8.857005233247913223e-01
1.142994742564309718e-01 8.857005257547422294e-01
1.142994721598143554e-01 8.857005278513587765e-01
1.142994717298666807e-01 8.857005282813065206e-01
1.142994722999200879e-01 8.857005277112531827e-01
1.142994722033060934e-01 8.857005278078671218e-01
1.142994694400233380e-01 8.857005305711500576e-01
1.142994663434075547e-01 8.857005336677656882e-01
1.142994635801259234e-01 8.857005364310474027e-01
1.142994584835103355e-01 8.857005415276630877e-01
1.142994533868957746e-01 8.857005466242776626e-01
1.142994499569494199e-01 8.857005500542241005e-01
1.142994468603371339e-01 8.857005531508362894e-01
1.142994417637252513e-01 8.857005582474481997e-01
1.142994360004477433e-01 8.857005640107257216e-01
