1.944678801920266551e-03
1.944678625287890508e-03
1.944678459803930205e-03
1.944678294320003080e-03
1.944678128836108914e-03
1.944677965581923136e-03
1.944677788949719047e-03
1.944677625695599840e-03
1.944677451293139918e-03
1.944677292498436186e-03
1.944677124785066952e-03
1.944676979368471737e-03
1.944676836181579273e-03
1.944676686305694784e-03
1.944676518592453269e-03
1.944676379864996229e-03
1.944676236678221076e-03
1.944676082343110846e-03
1.944675943615739025e-03
1.944675824955445194e-03
1.944675699606158905e-03
1.944675556419523180e-03
1.944675408773573026e-03
1.944675274505680866e-03
1.944675120170774900e-03
1.944675037185369026e-03
1.944674893998871211e-03
1.944674768649765767e-03
1.944674618774313007e-03
1.944674500114270061e-03
1.944674356927883268e-03
1.944674184755821071e-03
1.944674046028833274e-03
1.944673900612865812e-03
1.944673784182622978e-03
1.944673623159029864e-03
1.944673471054143019e-03
1.944673318949286531e-03
1.944673149007116603e-03
1.944672965686973900e-03
1.944672786826202654e-03
1.944672607965467186e-03
1.944672431334434903e-03
1.944672243555103323e-03
1.944672066924142814e-03
1.944671890293217650e-03
1.944671702513996441e-03
1.944671512505147075e-03
1.944671318037004097e-03
1.944671123568899934e-03
1.944670929100834802e-03
1.944670734632808267e-03
1.944670540164820981e-03
1.944670345696872292e-03
1.944670151228962635e-03
1.944669956761091792e-03
1.944669762293259980e-03
1.944669567825466983e-03
1.944669373357712800e-03
1.944669178889997649e-03
1.944668984422321311e-03
1.944668789954684006e-03
1.944668595487085514e-03
1.944668401019525837e-03
1.944668206552004975e-03
1.944668012084523143e-03
1.944667817617080343e-03
1.944667636527645446e-03
1.944667442060278757e-03
1.944667247592951316e-03
1.944667053125662473e-03
1.944666860888073128e-03
1.944666668650522380e-03
1.944666483101990546e-03
1.944666306472135923e-03
1.944666125382997013e-03
1.944665948753213514e-03
1.944665807798014396e-03
1.944665651235229741e-03
1.944665476835205371e-03
1.944665335880095590e-03
1.944665206073305924e-03
1.944665029443720401e-03
1.944664875110749735e-03
1.944664720777809861e-03
1.944664579822846231e-03
1.944664479001742162e-03
1.944664346965458996e-03
1.944664252833368853e-03
1.944664118567478346e-03
1.944664019976117143e-03
1.944663885710276726e-03
1.944663726918247505e-03
1.944663588193151641e-03
1.944663436090150656e-03
1.944663308513388134e-03
1.944663169788375754e-03
1.944663044441320319e-03
1.944662881190161200e-03
1.944662746924542178e-03
