6.288744470275940968e-01
6.288744574639937301e-01
6.288744765271082615e-01
6.288744883755263970e-01
6.288745082696121091e-01
6.288745376469633275e-01
6.288745519496621306e-01
6.288745550985160859e-01
6.288745782128000172e-01
6.288746075619143783e-01
6.288746361407907548e-01
6.288746232059516661e-01
6.288746422221855870e-01
6.288746287370240440e-01
6.288746287950718328e-01
6.288746112916708819e-01
6.288745709956184982e-01
6.288745772144119783e-01
6.288745603954863927e-01
6.288745731055743748e-01
6.288746021260471775e-01
6.288746058197944855e-01
6.288746323530275406e-01
6.288746305197622233e-01
6.288746568383626334e-01
6.288746870307700965e-01
6.288747241435723723e-01
6.288747612563670986e-01
6.288747983691544974e-01
6.288748354819344577e-01
6.288748725947069795e-01
6.288749097074720629e-01
6.288749468202298187e-01
6.288749839329800251e-01
6.288750210457229040e-01
6.288750554112902957e-01
6.288750883517654211e-01
6.288751214790574418e-01
6.288751486284080983e-01
6.288751857411160051e-01
6.288752228538163624e-01
6.288751905991344371e-01
6.288751815918810495e-01
6.288751664750593662e-01
6.288751677506022597e-01
6.288752048632859637e-01
6.288752419759621182e-01
6.288752790886309452e-01
6.288753162012923337e-01
6.288753136696001445e-01
6.288753037692318415e-01
6.288752966044915960e-01
6.288753106469695542e-01
6.288753430161900804e-01
6.288753476279814736e-01
6.288753682380353593e-01
6.288753677512470830e-01
6.288753812568723678e-01
6.288753695412350186e-01
6.288753907255092424e-01
6.288753822698249785e-01
6.288754009257271349e-01
6.288753993705415990e-01
6.288754249210974923e-01
6.288754388617938673e-01
6.288754567159008380e-01
6.288754790676560624e-01
6.288755161802269678e-01
6.288755532927904346e-01
6.288755904053463519e-01
6.288756275178949418e-01
6.288756476879365787e-01
6.288756394969023944e-01
6.288756516138180874e-01
6.288756887263456941e-01
6.288757133082548689e-01
6.288757504207689308e-01
6.288757875332754432e-01
6.288758203551068071e-01
6.288758574675989976e-01
6.288758945800837497e-01
6.288759316925610632e-01
6.288759688050310492e-01
6.288760059174934858e-01
6.288760289023210825e-01
6.288760170488967294e-01
6.288760362203968945e-01
6.288760733328377928e-01
6.288761104452713635e-01
6.288761475576973847e-01
6.288761846701160785e-01
6.288762217825272227e-01
6.288762588949310395e-01
6.288762548311838119e-01
6.288762853800483610e-01
6.288763139234848643e-01
6.288763352639666904e-01
6.288763315320176073e-01
6.288763431297901274e-01
6.288763295393480224e-01
