6.979891078424375062e-01
6.979890381684721312e-01
6.979889685196464244e-01
6.979888988256081062e-01
6.979888292220368662e-01
6.979887596034041186e-01
6.979886899194579497e-01
6.979886202757271674e-01
6.979885506169347664e-01
6.979884809631814457e-01
6.979884113596938056e-01
6.979883417109934429e-01
6.979882720874329705e-01
6.979882024990626821e-01
6.979881328855802591e-01
6.979880633123132228e-01
6.979879937139341628e-01
6.979879241607956919e-01
6.979878546177213927e-01
6.979877852404915428e-01
6.979877157225707895e-01
6.979876462147144300e-01
6.979875766817460470e-01
6.979875071136153464e-01
6.979874376560523119e-01
6.979873681633269600e-01
6.979872985550367170e-01
6.979872290874650220e-01
6.979871595746807156e-01
6.979870900367846076e-01
6.979870205642293435e-01
6.979869511067635646e-01
6.979868815437832996e-01
6.979868121014207727e-01
6.979867425686191451e-01
6.979866730659824992e-01
6.979866036688880948e-01
6.979865341964301972e-01
6.979864648295144303e-01
6.979863953369835894e-01
6.979863258746176191e-01
6.979862564273410230e-01
6.979861870303298854e-01
6.979861176383577170e-01
6.979860482162486557e-01
6.979859787087258072e-01
6.979859093419210625e-01
6.979858399500044053e-01
6.979857708143845096e-01
6.979857016988788576e-01
6.979856325632866065e-01
6.979855633925320380e-01
6.979854941866151519e-01
6.979854250510643121e-01
6.979853561868852863e-01
6.979852870764878814e-01
6.979852179359533615e-01
6.979851489311115209e-01
6.979850799916105242e-01
6.979850112330284739e-01
6.979849422784795143e-01
6.979848736254530284e-01
6.979848044598755408e-01
6.979847354450663399e-01
6.979846666664525356e-01
6.979845983149897126e-01
6.979845295967050944e-01
6.979844613507976137e-01
6.979843926878169791e-01
6.979843258439510922e-01
6.979842584975844977e-01
6.979841917642983784e-01
6.979841251616792919e-01
6.979840583731433679e-01
6.979839940519635411e-01
6.979839275147110556e-01
6.979838617915439247e-01
6.979837970181409501e-01
6.979837338477693498e-01
6.979836771347096569e-01
6.979836253965451265e-01
6.979835815579026326e-01
6.979835947796674267e-01
6.979836249813562432e-01
6.979836551830390645e-01
6.979836853847158906e-01
6.979837155863866105e-01
6.979837457880512241e-01
6.979837759897099536e-01
6.979838061913624658e-01
6.979838363930090939e-01
6.979838665946496157e-01
6.979838967962840313e-01
6.979839269979125627e-01
6.979839571995348768e-01
6.979839874011513068e-01
6.979840176027616305e-01
6.979840478043658480e-01
6.979840780059641814e-01
6.979841082075562975e-01
