6.794876091517811911e-01
6.794876412033343804e-01
6.794876732548812415e-01
6.794877053064215522e-01
6.794877373579555346e-01
6.794877694094830778e-01
6.794878014610041816e-01
6.794878335125189572e-01
6.794878655640272935e-01
6.794878976155291905e-01
6.794879296670246482e-01
6.794879617185137777e-01
6.794879937699964678e-01
6.794880258214727187e-01
6.794880578729425302e-01
6.794880899244060135e-01
6.794881219758630575e-01
6.794881540273136622e-01
6.794881860787578276e-01
6.794882181301956647e-01
6.794882501816270626e-01
6.794882822330520211e-01
6.794883142844706514e-01
6.794883463358827314e-01
6.794883783872884830e-01
6.794884104386879065e-01
6.794884424900807796e-01
6.794884745414673244e-01
6.794885065928474299e-01
6.794885386442210962e-01
6.794885706955884341e-01
6.794886027469493328e-01
6.794886347983037922e-01
6.794886668496518123e-01
6.794886989009935041e-01
6.794887309523287566e-01
6.794887630036575699e-01
6.794887950549799438e-01
6.794888271062959895e-01
6.794888591576055958e-01
6.794888912089087629e-01
6.794889232602054907e-01
6.794889553114958902e-01
6.794889873627798504e-01
6.794890194140573714e-01
6.794890514653285640e-01
6.794890835165933174e-01
6.794891155678516315e-01
6.794891476191035062e-01
6.794891796703489417e-01
6.794892117215880489e-01
6.794892437728207168e-01
6.794892758240470565e-01
6.794893078752668458e-01
6.794893399264803069e-01
6.794893719776873287e-01
6.794894040288879111e-01
6.794894360800821653e-01
6.794894681312699802e-01
6.794895001824513558e-01
6.794895322336262922e-01
6.794895642847949002e-01
6.794895963359570690e-01
6.794896283871127984e-01
6.794896604382621996e-01
6.794896924894050505e-01
6.794897245405415731e-01
6.794897565916717674e-01
6.794897886427954115e-01
6.794898206939127272e-01
6.794898527450236037e-01
6.794898847961280408e-01
6.794899168472261497e-01
6.794899488983178193e-01
6.794899809494030496e-01
6.794900130004818406e-01
6.794900450515543033e-01
6.794900771026202158e-01
6.794901091536799109e-01
6.794901412047330558e-01
6.794901732557798724e-01
6.794902053068201386e-01
6.794902373578541876e-01
6.794902694088816864e-01
6.794903014599028568e-01
6.794903335109175879e-01
6.794903655619258798e-01
6.794903976129277323e-01
6.794904296639232566e-01
6.794904617149123416e-01
6.794904937658949873e-01
6.794905258168713047e-01
6.794905578678411828e-01
6.794905899188046217e-01
6.794906219697616212e-01
6.794906540207122925e-01
6.794906860716564134e-01
6.794907181225942061e-01
6.794907501735256705e-01
6.794907822244505846e-01
