7.186663137402600210e-01
7.186663418739043241e-01
7.186663700075430761e-01
7.186663981411761659e-01
7.186664262748035936e-01
7.186664544084254702e-01
7.186664825420416847e-01
7.186665106756522370e-01
7.186665388092571272e-01
7.186665669428564662e-01
7.186665950764501432e-01
7.186666232100382690e-01
7.186666513436207326e-01
7.186666794771975342e-01
7.186667076107686736e-01
7.186667357443342619e-01
7.186667638778941880e-01
7.186667920114484520e-01
7.186668201449971649e-01
7.186668482785402157e-01
7.186668764120777153e-01
7.186669045456094418e-01
7.186669326791356172e-01
7.186669608126561304e-01
7.186669889461710925e-01
7.186670170796803925e-01
7.186670452131840303e-01
7.186670733466821170e-01
7.186671014801745416e-01
7.186671296136613041e-01
7.186671577471425154e-01
7.186671858806179536e-01
7.186672140140879517e-01
7.186672421475521766e-01
7.186672702810108504e-01
7.186672984144638621e-01
7.186673265479112116e-01
7.186673546813530100e-01
7.186673828147891463e-01
7.186674109482197315e-01
7.186674390816445435e-01
7.186674672150638044e-01
7.186674953484775141e-01
7.186675234818854507e-01
7.186675516152878362e-01
7.186675797486846706e-01
7.186676078820757319e-01
7.186676360154612420e-01
7.186676641488412010e-01
7.186676922822153868e-01
7.186677204155840215e-01
7.186677485489469941e-01
7.186677766823044156e-01
7.186678048156561749e-01
7.186678329490022721e-01
7.186678610823428182e-01
7.186678892156775911e-01
7.186679173490069239e-01
7.186679454823304836e-01
7.186679736156484921e-01
7.186680017489608385e-01
7.186680298822675228e-01
7.186680580155686560e-01
7.186680861488641270e-01
7.186681142821540469e-01
7.186681424154381936e-01
7.186681705487167893e-01
7.186681986819898338e-01
7.186682268152571051e-01
7.186682549485188254e-01
7.186682830817749945e-01
7.186683112150253905e-01
7.186683393482702353e-01
7.186683674815094180e-01
7.186683956147430496e-01
7.186684237479710191e-01
7.186684518811933264e-01
7.186684800144100826e-01
7.186685081476210657e-01
7.186685362808266087e-01
7.186685644140263785e-01
7.186685925472205971e-01
7.186686206804091537e-01
7.186686488135921591e-01
7.186686769467693914e-01
7.186687050799410725e-01
7.186687332131072026e-01
7.186687613462676705e-01
7.186687894794224762e-01
7.186688176125716199e-01
7.186688457457152124e-01
7.186688738788531428e-01
7.186689020119854110e-01
7.186689301451121281e-01
7.186689582782331831e-01
7.186689864113485759e-01
7.186690145444584177e-01
7.186690426775624863e-01
7.186690708106611147e-01
7.186690989437539701e-01
