6.439073235472922985e-01
6.439073498846978882e-01
6.439073648869854116e-01
6.439074004965907871e-01
6.439074361061890572e-01
6.439074545926364301e-01
6.439074902022221547e-01
6.439075258118007739e-01
6.439075614213721765e-01
6.439075970309365848e-01
6.439076326404937767e-01
6.439076478914896873e-01
6.439076593928672043e-01
6.439076588323691119e-01
6.439076823933894689e-01
6.439076856826710937e-01
6.439077140990387971e-01
6.439077131784880503e-01
6.439077487880051631e-01
6.439077843975151705e-01
6.439078200070180724e-01
6.439078556165137579e-01
6.439078912260024490e-01
6.439079044151688747e-01
6.439079400246454643e-01
6.439079756341150595e-01
6.439080112435774383e-01
6.439080468530327117e-01
6.439080824624807686e-01
6.439081180719218311e-01
6.439081360702157975e-01
6.439081716796443144e-01
6.439082072890657260e-01
6.439082326079280660e-01
6.439082413551694417e-01
6.439082500289529110e-01
6.439082657728959491e-01
6.439082778234350712e-01
6.439083134328245084e-01
6.439083490422068401e-01
6.439083846515820664e-01
6.439084202609500762e-01
6.439084558703110917e-01
6.439084914796648906e-01
6.439085270890115842e-01
6.439085626983511723e-01
6.439085983076836550e-01
6.439086209809372630e-01
6.439086438634250564e-01
6.439086794727387764e-01
6.439087107987744307e-01
6.439087464080742729e-01
6.439087820173670096e-01
6.439088176266526409e-01
6.439088532359310557e-01
6.439088888452024761e-01
6.439089244544666801e-01
6.439089530698156594e-01
6.439089886790663186e-01
6.439090242883099835e-01
6.439090598975464319e-01
6.439090955067756639e-01
6.439091311159979014e-01
6.439091667252130335e-01
6.439092023344209492e-01
6.439092379436217595e-01
6.439092590363513224e-01
6.439092912765803645e-01
6.439093041889745184e-01
6.439093329428160484e-01
6.439093685519859944e-01
6.439093762222837247e-01
6.439093843394370076e-01
6.439094076397110511e-01
6.439094289349671651e-01
6.439094537216017988e-01
6.439094780062826207e-01
6.439095136154131538e-01
6.439095405422702312e-01
6.439095761513873306e-01
6.439096117604974356e-01
6.439096473696003242e-01
6.439096829786961074e-01
6.439097185877847851e-01
6.439097541968663574e-01
6.439097898059408243e-01
6.439098254150080747e-01
6.439098610240683307e-01
6.439098910688414446e-01
6.439099266778879338e-01
6.439099622869273176e-01
6.439099978959595960e-01
6.439100335049847690e-01
6.439100593582929299e-01
6.439100785989048115e-01
6.439101056964999792e-01
6.439101192203514623e-01
6.439101502027458901e-01
6.439101663459562142e-01
6.439101840812612165e-01
