6.038059587456224842e-01
6.038059886327771242e-01
6.038059962893307375e-01
6.038060241025464681e-01
6.038060190843980157e-01
6.038060550259730652e-01
6.038060905265528744e-01
6.038061223615376338e-01
6.038061544407402614e-01
6.038061808521064666e-01
6.038061968206602792e-01
6.038062223893447822e-01
6.038062521204631272e-01
6.038062761454331406e-01
6.038062962099148834e-01
6.038063051285814664e-01
6.038063316167903150e-01
6.038063626424181596e-01
6.038063973398036799e-01
6.038064369594808856e-01
6.038064765791502087e-01
6.038065161988115381e-01
6.038065558184649850e-01
6.038065954381105493e-01
6.038066350577481201e-01
6.038066746773778082e-01
6.038067142969996137e-01
6.038067539166134257e-01
6.038067935362193550e-01
6.038068331558172908e-01
6.038068727754073439e-01
6.038069123949895145e-01
6.038069127360902177e-01
6.038069485311388096e-01
6.038069438740573114e-01
6.038069697446717399e-01
6.038070021942373300e-01
6.038070274562594708e-01
6.038070411851448327e-01
6.038070732233697946e-01
6.038071079994613566e-01
6.038071434323289965e-01
6.038071580441587427e-01
6.038071593557008399e-01
6.038071989752028523e-01
6.038072385946968712e-01
6.038072782141830075e-01
6.038073178336612612e-01
6.038073574531315213e-01
6.038073970725938988e-01
6.038074328168594462e-01
6.038074648703325442e-01
6.038074897913964234e-01
6.038075228477046696e-01
6.038075506116824531e-01
6.038075670301592535e-01
6.038075658341705010e-01
6.038075851828240692e-01
6.038076219224732810e-01
6.038076448281702868e-01
6.038076540722101537e-01
6.038076679003713254e-01
6.038076993723968666e-01
6.038077040802608542e-01
6.038077323840537192e-01
6.038077580597267513e-01
6.038077946201171331e-01
6.038078098181776099e-01
6.038078298618809736e-01
6.038078240899052984e-01
6.038078456528264137e-01
6.038078668659709880e-01
6.038078743850934238e-01
6.038079037225876355e-01
6.038079316271222075e-01
6.038079586573443791e-01
6.038079725578807677e-01
6.038079888509545468e-01
6.038080030256173236e-01
6.038080335468679616e-01
6.038080340547072877e-01
6.038080555496068147e-01
6.038080846972156968e-01
6.038080967766911167e-01
6.038081214185360146e-01
6.038081319229197108e-01
6.038081585570960197e-01
6.038081844803527831e-01
6.038081685239390373e-01
6.038081726466486554e-01
6.038081760206236437e-01
6.038081585496920534e-01
6.038081510107939920e-01
6.038081656224484339e-01
6.038081845645928425e-01
6.038081883654591309e-01
6.038081944374910082e-01
6.038082091114266303e-01
6.038082102967905485e-01
6.038082180202828386e-01
