6.396028905939149523e-01
6.396028266329990553e-01
6.396027626720960368e-01
6.396026987112056750e-01
6.396026347503281917e-01
6.396025707894634760e-01
6.396025068286115278e-01
6.396024428677724583e-01
6.396023789069461563e-01
6.396023149461326218e-01
6.396022509853318549e-01
6.396021870245438556e-01
6.396021230637687349e-01
6.396020591119550014e-01
6.396019951601539244e-01
6.396019312173144566e-01
6.396018672565905172e-01
6.396018032958792343e-01
6.396017393441294496e-01
6.396016754102896718e-01
6.396016114496169136e-01
6.396015474889568120e-01
6.396014835283095890e-01
6.396014195676751335e-01
6.396013556070534456e-01
6.396012916464446363e-01
6.396012276858484835e-01
6.396011637252652093e-01
6.396010997646947027e-01
6.396010358041370747e-01
6.396009718435921032e-01
6.396009078830600103e-01
6.396008439225406850e-01
6.396007799620341272e-01
6.396007160015404480e-01
6.396006520410594254e-01
6.396005880805912813e-01
6.396005241201359048e-01
6.396004601596934069e-01
6.396003961992635656e-01
6.396003322388466028e-01
6.396002682784424076e-01
6.396002043180509800e-01
6.396001403576724309e-01
6.396000763973066494e-01
6.396000124369535245e-01
6.395999484766133891e-01
6.395998845162859103e-01
6.395998205559711991e-01
6.395997565956693665e-01
6.395996926353803014e-01
6.395996286751040039e-01
6.395995647148405849e-01
6.395995007545899336e-01
6.395994367943519388e-01
6.395993728341269335e-01
6.395993088739145849e-01
6.395992449226636234e-01
6.395991809714254295e-01
6.395991170202000031e-01
6.395990530600389468e-01
6.395989891177877862e-01
6.395989251576521539e-01
6.395988611975294003e-01
6.395987972374194142e-01
6.395987332862708152e-01
6.395986693351349839e-01
6.395986053840119201e-01
6.395985414329016239e-01
6.395984774818042062e-01
6.395984135217709365e-01
6.395983495885961823e-01
6.395982856554343066e-01
6.395982217043879592e-01
6.395981577444058708e-01
6.395980937933851695e-01
6.395980298423772359e-01
6.395979658913820698e-01
6.395979019493482909e-01
6.395978379983787709e-01
6.395977740474219075e-01
6.395977101054265423e-01
6.395976461544953251e-01
6.395975822035769864e-01
6.395975182705685436e-01
6.395974543196756290e-01
6.395973903598470844e-01
6.395973264179284357e-01
6.395972624670739348e-01
6.395971985162323126e-01
6.395971345654034579e-01
6.395970706056387511e-01
6.395970066458869230e-01
6.395969426950964820e-01
6.395968787443186976e-01
6.395968147935537917e-01
6.395967508338531449e-01
6.395966868741652656e-01
6.395966229413357906e-01
6.395965589995706857e-01
