6.291887715479540510e-01
6.291887087000493928e-01
6.291886458253113101e-01
6.291885829863803625e-01
6.291885201206162126e-01
6.291884572548644972e-01
6.291883943891254383e-01
6.291883314876044464e-01
6.291882686129418589e-01
6.291882057472405476e-01
6.291881428994489101e-01
6.291880801232588860e-01
6.291880172486465916e-01
6.291879543650982232e-01
6.291878914815624002e-01
6.291878286159365841e-01
6.291877657055799933e-01
6.291877028399792682e-01
6.291876399206993709e-01
6.291875770193292583e-01
6.291875141269204219e-01
6.291874512345240200e-01
6.291873883421402747e-01
6.291873254587176945e-01
6.291872625842562794e-01
6.291871996919102816e-01
6.291871367906283208e-01
6.291870739072560337e-01
6.291870109881019246e-01
6.291869481047548396e-01
6.291868852572146675e-01
6.291868224186357716e-01
6.291867595532236734e-01
6.291866966520297533e-01
6.291866337508483786e-01
6.291865708854739170e-01
6.291865079932662530e-01
6.291864451100197542e-01
6.291863822446830401e-01
6.291863193525131237e-01
6.291862564872016117e-01
6.291861935950567863e-01
6.291861307476676046e-01
6.291860678734451096e-01
6.291860050081838907e-01
6.291859421429352173e-01
6.291858792508533416e-01
6.291858163408867721e-01
6.291857534577786071e-01
6.291856905836316072e-01
6.291856277542401399e-01
6.291855648622211028e-01
6.291855019702147223e-01
6.291854390871693958e-01
6.291853761862395977e-01
6.291853132942708537e-01
6.291852503933662577e-01
6.291851875193198440e-01
6.291851246184403390e-01
6.291850617444190163e-01
6.291849988793589699e-01
6.291849360322085971e-01
6.291848731761222613e-01
6.291848103379457102e-01
6.291847474818844654e-01
6.291846845900416207e-01
6.291846217519027062e-01
6.291845588958792090e-01
6.291844960219711291e-01
6.291844331659727230e-01
6.291843703278842126e-01
6.291843074450652606e-01
6.291842445891046021e-01
6.291841817510537282e-01
6.291841188951182717e-01
6.291840559944524847e-01
6.291839931116964824e-01
6.291839302468501538e-01
6.291838673820164818e-01
6.291838045082466246e-01
6.291837416613351719e-01
6.291836787875905168e-01
6.291836159407041551e-01
6.291835531027789585e-01
6.291834902111749228e-01
6.291834273195835436e-01
6.291833644190560904e-01
6.291833015274899132e-01
6.291832386627819185e-01
6.291831757891378496e-01
6.291831129334035655e-01
6.291830500329390619e-01
6.291829871593327406e-01
6.291829243304817298e-01
6.291828614569006106e-01
6.291827986191262934e-01
6.291827357276732480e-01
6.291826728272841285e-01
6.291826099984960674e-01
6.291825471070807696e-01
