6.349971612020226530e-01
6.349970979943797555e-01
6.349970347963592721e-01
6.349969715370894496e-01
6.349969083124673563e-01
6.349968450866566583e-01
6.349967818220193516e-01
6.349967185968345973e-01
6.349966553976886807e-01
6.349965922009578323e-01
6.349965289914267785e-01
6.349964657857122274e-01
6.349964026835146491e-01
6.349963395725208848e-01
6.349962764265042470e-01
6.349962132686884919e-01
6.349961501501247829e-01
6.349960870039460525e-01
6.349960238603824525e-01
6.349959606962106706e-01
6.349958975422618224e-01
6.349958343881254574e-01
6.349957711921594417e-01
6.349957079203296662e-01
6.349956446677319510e-01
6.349955813971287499e-01
6.349955181455573250e-01
6.349954548361402829e-01
6.349953915563658624e-01
6.349953283102377499e-01
6.349952649970549423e-01
6.349952016972981728e-01
6.349951384171738100e-01
6.349950751344595190e-01
6.349950118735797622e-01
6.349949485764763146e-01
6.349948853306370822e-01
6.349948220329584281e-01
6.349947587012579886e-01
6.349946953627634283e-01
6.349946320603178096e-01
6.349945687130397198e-01
6.349945053739827205e-01
6.349944420343376361e-01
6.349943786820925196e-01
6.349943153326630396e-01
6.349942519756384129e-01
6.349941886508588818e-01
6.349941253413073916e-01
6.349940620265632774e-01
6.349939987118318196e-01
6.349939353646804063e-01
6.349938720287530147e-01
6.349938086654105529e-01
6.349937453253042818e-01
6.349936819942196831e-01
6.349936186747593414e-01
6.349935553601165905e-01
6.349934920242651382e-01
6.349934286882260581e-01
6.349933653596072647e-01
6.349933019903601927e-01
6.349932386443492005e-01
6.349931753045570115e-01
6.349931119623751785e-01
6.349930486502360916e-01
6.349929853016731407e-01
6.349929219573270389e-01
6.349928586476283332e-01
6.349927953197240793e-01
6.349927320542950726e-01
6.349926687204101583e-01
6.349926053869382470e-01
6.349925420939195320e-01
6.349924788001126696e-01
6.349924154776898089e-01
6.349923521620863820e-01
6.349922888629121465e-01
6.349922255903772683e-01
6.349921622890259965e-01
6.349920990131130427e-01
6.349920357332086152e-01
6.349919724403039201e-01
6.349919091610254362e-01
6.349918458483261308e-01
6.349917825566605556e-01
6.349917192167592317e-01
6.349916559209147771e-01
6.349915926304884328e-01
6.349915293252598181e-01
6.349914660114353016e-01
6.349914027556815554e-01
6.349913394779183040e-01
6.349912762135813127e-01
6.349912129634711633e-01
6.349911496623225071e-01
6.349910863427681296e-01
6.349910230644676412e-01
6.349909597861799204e-01
6.349908964728697702e-01
