6.081184919025510727e-01
6.081185310910859343e-01
6.081185702796130244e-01
6.081186094681321208e-01
6.081186486566435567e-01
6.081186878451469990e-01
6.081187270336426698e-01
6.081187662221305690e-01
6.081188054106104746e-01
6.081188445990827196e-01
6.081188837875469710e-01
6.081189229760034509e-01
6.081189621644521592e-01
6.081190013528928739e-01
6.081190405413259281e-01
6.081190797297509887e-01
6.081191189181682777e-01
6.081191335556517252e-01
6.081191706303262778e-01
6.081191967862884518e-01
6.081192275509774703e-01
6.081192574215620317e-01
6.081192966099380204e-01
6.081193357983062375e-01
6.081193749866665721e-01
6.081194141750190241e-01
6.081194533633637045e-01
6.081194925517005023e-01
6.081195317400295286e-01
6.081195709283506723e-01
6.081196101166639334e-01
6.081196493049694229e-01
6.081196884932670299e-01
6.081197276815568653e-01
6.081197668698388181e-01
6.081198060581128884e-01
6.081198452463791870e-01
6.081198844346376031e-01
6.081199236228882476e-01
6.081199628111310096e-01
6.081200019993658890e-01
6.081200411875929968e-01
6.081200803758123330e-01
6.081201195640236756e-01
6.081201587522272467e-01
6.081201979404230462e-01
6.081202371286109631e-01
6.081202763167909975e-01
6.081203155049632603e-01
6.081203546931276405e-01
6.081203938812841381e-01
6.081204330694328641e-01
6.081204722575737076e-01
6.081205114457067795e-01
6.081205506338319688e-01
6.081205898219493866e-01
6.081206290100589218e-01
6.081206681981605744e-01
6.081207073862544554e-01
6.081207465743404539e-01
6.081207857624185698e-01
6.081208249504889141e-01
6.081208641385514868e-01
6.081209033266060660e-01
6.081209425146529846e-01
6.081209817026919096e-01
6.081210208907230630e-01
6.081210600787464449e-01
6.081210992667618331e-01
6.081211384547695609e-01
6.081211776427692950e-01
6.081212168307612576e-01
6.081212560187454486e-01
6.081212952067216460e-01
6.081213343946901828e-01
6.081213735826507261e-01
6.081214127706034978e-01
6.081214519585484979e-01
6.081214911464855044e-01
6.081215303344148504e-01
6.081215695223362028e-01
6.081216087102497836e-01
6.081216478981555928e-01
6.081216870860535195e-01
6.081217262739435636e-01
6.081217654618258361e-01
6.081218046497002261e-01
6.081218438375667334e-01
6.081218830254254692e-01
6.081218929133586082e-01
6.081219262728827513e-01
6.081219610995138858e-01
6.081219881780836056e-01
6.081220191919903817e-01
6.081220460029902464e-01
6.081220593134220032e-01
6.081220852370097241e-01
6.081221169799915227e-01
6.081221498801576697e-01
6.081221890679426867e-01
