6.284188419519182167e-01
6.284187806745265004e-01
6.284187189467033141e-01
6.284186575565208210e-01
6.284185961361030692e-01
6.284185348276953853e-01
6.284184737404342469e-01
6.284184123008419443e-01
6.284183509086770369e-01
6.284182893464841380e-01
6.284182277634572378e-01
6.284181661334362623e-01
6.284181045328576243e-01
6.284180430238515136e-01
6.284179815459227658e-01
6.284179200479775851e-01
6.284178587221286305e-01
6.284177973030967701e-01
6.284177359163686249e-01
6.284176747164516019e-01
6.284176132688441552e-01
6.284175516671500761e-01
6.284174899853531837e-01
6.284174286313863877e-01
6.284173671572593767e-01
6.284173057640770610e-01
6.284172442159907668e-01
6.284171827161493251e-01
6.284171213180989035e-01
6.284170597103719835e-01
6.284169982387712849e-01
6.284169366159452208e-01
6.284168751782952533e-01
6.284168135048089354e-01
6.284167519535510671e-01
6.284166902923519205e-01
6.284166287382574323e-01
6.284165672495752863e-01
6.284165056693454821e-01
6.284164440666467621e-01
6.284163825260903335e-01
6.284163209606125067e-01
6.284162595177718025e-01
6.284161979980985580e-01
6.284161365377062269e-01
6.284160757178365309e-01
6.284160143384011077e-01
6.284159528604693623e-01
6.284158916523243654e-01
6.284158299651375623e-01
6.284157687946221316e-01
6.284157075550402816e-01
6.284156460440611935e-01
6.284155845662031670e-01
6.284155228659978887e-01
6.284154612708534593e-01
6.284153995776217139e-01
6.284153379121971694e-01
6.284152762500549994e-01
6.284152146488286572e-01
6.284151528714438939e-01
6.284150912837309644e-01
6.284150297156503306e-01
6.284149679472951222e-01
6.284149061491135502e-01
6.284148445381512182e-01
6.284147827935405717e-01
6.284147211572604919e-01
6.284146596011075392e-01
6.284145980000044318e-01
6.284145363371926862e-01
6.284144744409979610e-01
6.284144126408715003e-01
6.284143508501586206e-01
6.284142890512831592e-01
6.284142274841802989e-01
6.284141659518331924e-01
6.284141042613129446e-01
6.284140425949211739e-01
6.284139807074090589e-01
6.284139188060119396e-01
6.284138571629558356e-01
6.284137953932001919e-01
6.284137334460604407e-01
6.284136716236010667e-01
6.284136101816982789e-01
6.284135483907372643e-01
6.284134866966617494e-01
6.284134251256316972e-01
6.284133633592324797e-01
6.284133016782738057e-01
6.284132401342579222e-01
6.284131784328866877e-01
6.284131168962528990e-01
6.284130552603058861e-01
6.284129935381255194e-01
6.284129318274023213e-01
6.284128702078422002e-01
6.284128086966124238e-01
6.284127471371627749e-01
