3.635786001948511093e-01
3.635785662151579389e-01
3.635785300049165780e-01
3.635784975040988187e-01
3.635784634917260671e-01
3.635784311932532264e-01
3.635783949511572355e-01
3.635783591558333083e-01
3.635783231140397032e-01
3.635782953331084255e-01
3.635782642437534462e-01
3.635782286716348621e-01
3.635781948256777696e-01
3.635781588006773979e-01
3.635781543639355906e-01
3.635781284649257095e-01
3.635780996838207102e-01
3.635780663500578491e-01
3.635780453454429684e-01
3.635780362497769702e-01
3.635780240345296010e-01
3.635780172977660096e-01
3.635780192653421672e-01
3.635780070476476999e-01
3.635779971913058461e-01
3.635779642176888982e-01
3.635779278816995697e-01
3.635778917263850496e-01
3.635778554079864833e-01
3.635778191370102053e-01
3.635777828783036680e-01
3.635777469490568681e-01
3.635777107623047733e-01
3.635776747513223550e-01
3.635776399588304675e-01
3.635776037365387459e-01
3.635775675543116980e-01
3.635775323792512781e-01
3.635774964443321267e-01
3.635774617556978838e-01
3.635774266611822014e-01
3.635773910937503683e-01
3.635773555945867597e-01
3.635773204526773217e-01
3.635772842259538673e-01
3.635772652832059415e-01
3.635772302860132976e-01
3.635771940237485511e-01
3.635771579609606841e-01
3.635771218446338660e-01
3.635770860459124343e-01
3.635770505517162965e-01
3.635770225462196525e-01
3.635769876332781148e-01
3.635769519016192608e-01
3.635769164017282340e-01
3.635768801808111350e-01
3.635768443167390895e-01
3.635768081824912179e-01
3.635767722579387184e-01
3.635767362716723627e-01
3.635767051225458069e-01
3.635766691072722101e-01
3.635766337881047860e-01
3.635765976293746649e-01
3.635765615417741459e-01
3.635765257443922538e-01
3.635764915043492862e-01
3.635764552226146140e-01
3.635764197600190317e-01
3.635763845144759920e-01
3.635763590556013169e-01
3.635763301011162851e-01
3.635762991180195303e-01
3.635763042253523092e-01
3.635762997618456893e-01
3.635763147629259007e-01
3.635762994888496191e-01
3.635762982066308435e-01
3.635763375584604717e-01
3.635763491881776610e-01
3.635764072214094922e-01
3.635764708638770104e-01
3.635765345063317056e-01
3.635765981487737442e-01
3.635766617912030152e-01
3.635767254336195742e-01
3.635767890760234211e-01
3.635768527184145005e-01
3.635769163607928678e-01
3.635769800031585230e-01
3.635770436455114107e-01
3.635771072878516419e-01
3.635771709301790500e-01
3.635772345724938015e-01
3.635772982147957855e-01
3.635773618570850574e-01
3.635774254993616172e-01
3.635774891416254095e-01
3.635775527838765453e-01
