2.476925288221607999e-02 9.752307471134602501e-01
2.476925673866191627e-02 9.752307432570145318e-01
2.476926076177526567e-02 9.752307392339012448e-01
2.476926461821954417e-02 9.752307353774569698e-01
2.476926847466305245e-02 9.752307315210135830e-01
2.476927283111048789e-02 9.752307271645661579e-01
2.476927685422062111e-02 9.752307231414560906e-01
2.476928037732534574e-02 9.752307196183512827e-01
2.476928406709755226e-02 9.752307159285790172e-01
2.476928792353718517e-02 9.752307120721394051e-01
2.476929111330344879e-02 9.752307088823731762e-01
2.476929380306467504e-02 9.752307061926119847e-01
2.476929665949348033e-02 9.752307033361833355e-01
2.476929951592171317e-02 9.752307004797551304e-01
2.476930237234937701e-02 9.752306976233274804e-01
2.476930539544453316e-02 9.752306946002323729e-01
2.476930858520713652e-02 9.752306914104698077e-01
2.476931177496910150e-02 9.752306882207077976e-01
2.476931446472637605e-02 9.752306855309506028e-01
2.476931765448711631e-02 9.752306823411899250e-01
2.476932084424721472e-02 9.752306791514298023e-01
2.476932436734261000e-02 9.752306756283343203e-01
2.476932855710910555e-02 9.752306714385678976e-01
2.476933291354269095e-02 9.752306670821342394e-01
2.476933776997915573e-02 9.752306622256977642e-01
2.476934312641835070e-02 9.752306568692585831e-01
2.476934881619223885e-02 9.752306511794845978e-01
2.476935433929712202e-02 9.752306456563797354e-01
2.476935952906520258e-02 9.752306404666116757e-01
2.476936488550007809e-02 9.752306351101768245e-01
2.476936990859824814e-02 9.752306300870787759e-01
2.476937426502421463e-02 9.752306257306527781e-01
2.476937878811709404e-02 9.752306212075598779e-01
2.476938314454130152e-02 9.752306168511356566e-01
2.476938766763238722e-02 9.752306123280445327e-01
2.476939219072256740e-02 9.752306078049544080e-01
2.476939704714727769e-02 9.752306029485295902e-01
2.476940190357101654e-02 9.752305980921057715e-01
2.476940642665841769e-02 9.752305935690183114e-01
2.476941128308024834e-02 9.752305887125963801e-01
2.476941597283345564e-02 9.752305840228431277e-01
2.476942066258572273e-02 9.752305793330907635e-01
2.476942501900182211e-02 9.752305749766747578e-01
2.476942920874945081e-02 9.752305707869270979e-01
2.476943339849623990e-02 9.752305665971803261e-01
2.476943775490975802e-02 9.752305622407668739e-01
2.476944227798995660e-02 9.752305577176866302e-01
2.476944680106924965e-02 9.752305531946072747e-01
2.476945132414763717e-02 9.752305486715288074e-01
2.476945618056012113e-02 9.752305438151163131e-01
2.476946137030659745e-02 9.752305386253699027e-01
2.476946622671710382e-02 9.752305337689592957e-01
2.476947141646154010e-02 9.752305285792148837e-01
2.476947660620493902e-02 9.752305233894715819e-01
2.476948146261246514e-02 9.752305185330639725e-01
2.476948581901682045e-02 9.752305141766595131e-01
2.476948984208553542e-02 9.752305101535908571e-01
2.476949369848608154e-02 9.752305062971904359e-01
2.476949738821850738e-02 9.752305026074579164e-01
2.476950107795019423e-02 9.752304989177261740e-01
2.476950510101577629e-02 9.752304948946606267e-01
2.476950862407865592e-02 9.752304913715976742e-01
2.476951214714082777e-02 9.752304878485354989e-01
2.476951550353502854e-02 9.752304844921412252e-01
2.476951902659580915e-02 9.752304809690803822e-01
2.476952254965588199e-02 9.752304774460203163e-01
2.476952573938082103e-02 9.752304742562953876e-01
2.476952926243951997e-02 9.752304707332366540e-01
2.476953311883188166e-02 9.752304668768443374e-01
2.476953714189063932e-02 9.752304628537856734e-01
2.476954116494859207e-02 9.752304588307276756e-01
2.476954552134000634e-02 9.752304544743363168e-01
2.476954987773054978e-02 9.752304501179457352e-01
2.476955440078732265e-02 9.752304455948889172e-01
2.476955925717735582e-02 9.752304407384988494e-01
2.476956394689935198e-02 9.752304360487767942e-01
2.476956813661926327e-02 9.752304318590568899e-01
2.476957215967130060e-02 9.752304278360048873e-01
2.476957634938955002e-02 9.752304236462866482e-01
2.476958053910696331e-02 9.752304194565692974e-01
2.476958472882353698e-02 9.752304152668527237e-01
2.476958841853837273e-02 9.752304115771378568e-01
2.476959210825247296e-02 9.752304078874236559e-01
2.476959596463276445e-02 9.752304040310434408e-01
2.476959998767920210e-02 9.752304000079971003e-01
2.476960434405863290e-02 9.752303956516176209e-01
2.476960920043784833e-02 9.752303907952383222e-01
2.476961405681608885e-02 9.752303859388600227e-01
2.476961891319335793e-02 9.752303810824826114e-01
2.476962360290282245e-02 9.752303763927731017e-01
2.476962845927816598e-02 9.752303715363976888e-01
2.476963231565173715e-02 9.752303676800242460e-01
2.476963650535810718e-02 9.752303634903178864e-01
2.476964052839687042e-02 9.752303594672792064e-01
2.476964471810157858e-02 9.752303552775745121e-01
2.476964874113871812e-02 9.752303512545373865e-01
2.476965293084176789e-02 9.752303470648343575e-01
2.476965745387738060e-02 9.752303425417987448e-01
2.476966214357876825e-02 9.752303378520972288e-01
2.476966683327921914e-02 9.752303331623968230e-01
