8.623640911035051506e-05
8.623641662479102803e-05
8.623643471251012181e-05
8.623645335671397837e-05
8.623646254061275059e-05
8.623648730618094108e-05
8.623648925572785604e-05
8.623649843962028568e-05
8.623651096243943885e-05
8.623653851043305602e-05
8.623655381568559120e-05
8.623655910415242633e-05
8.623657218344837341e-05
8.623657802840013395e-05
8.623659222066708382e-05
8.623661030834509989e-05
8.623663062197009532e-05
8.623664147530198684e-05
8.623665566755691562e-05
8.623666429493421126e-05
8.623667013987266323e-05
8.623669100996888247e-05
8.623671521898480504e-05
8.623673330663605486e-05
8.623674415995008415e-05
8.623676224759482876e-05
8.623678756956812028e-05
8.623680231828269901e-05
8.623682096240318042e-05
8.623683515462455314e-05
8.623684934684307983e-05
8.623687132987411662e-05
8.623688997398024590e-05
8.623690973105603628e-05
8.623692837515457615e-05
8.623693811546397883e-05
8.623695954198862300e-05
8.623698931580614903e-05
8.623700183853863380e-05
8.623703105585961990e-05
8.623704524804436014e-05
8.623706611806133775e-05
8.623708031023973541e-05
8.623710451916587248e-05
8.623712149376804340e-05
8.623713457296459624e-05
8.623714876513047137e-05
8.623716518323720011e-05
8.623718438376996539e-05
8.623720636672794050e-05
8.623722834968152460e-05
8.623724365480231566e-05
8.623726897666163043e-05
8.623729151608794266e-05
8.623730403877018821e-05
8.623732546521752876e-05
8.623734800463142688e-05
8.623736442270180775e-05
8.623737527591581939e-05
8.623738668561291331e-05
8.623740532961529800e-05
8.623741952173280415e-05
8.623742647954136034e-05
8.623743510680362213e-05
8.623744150812424425e-05
8.623745347429279237e-05
8.623746432748921283e-05
8.623747184177461714e-05
8.623748770332980980e-05
8.623749966948893891e-05
8.623750718376855628e-05
8.623751914992334859e-05
8.623753334201387166e-05
8.623756144621340836e-05
8.623758287259428732e-05
8.623759873412726738e-05
8.623761292620415661e-05
8.623763323960496614e-05
8.623764910112816128e-05
8.623765828483848561e-05
8.623768527603767830e-05
8.623769390325853712e-05
8.623770586938149453e-05
8.623771616605031267e-05
8.623773425349113241e-05
8.623774399367124398e-05
8.623774983846315247e-05
8.623776069160715176e-05
8.623777822255263774e-05
8.623779018865879002e-05
8.623780438069666152e-05
8.623782024218211288e-05
8.623783777311464264e-05
8.623784417437644679e-05
8.623787060903596185e-05
8.623787979270943686e-05
8.623789676714580616e-05
8.623791485454506030e-05
8.623792403821136602e-05
8.623793823022306759e-05
