7.118459734797383254e-01
7.118459022944433334e-01
7.118458311091625523e-01
7.118457599238960931e-01
7.118456887386438448e-01
7.118456175534058072e-01
7.118455463681820916e-01
7.118454751829724758e-01
7.118454039977771819e-01
7.118453328125960988e-01
7.118452616274293376e-01
7.118451904422766763e-01
7.118451192571383368e-01
7.118450480720142082e-01
7.118449768869044014e-01
7.118449057018086945e-01
7.118448345167273095e-01
7.118447633316601353e-01
7.118446921466071720e-01
7.118446209615685305e-01
7.118445497765440999e-01
7.118444785915338802e-01
7.118444074065378713e-01
7.118443362215560732e-01
7.118442650365885971e-01
7.118441938516353318e-01
7.118441226666962773e-01
7.118440514817715448e-01
7.118439802968609120e-01
7.118439091119646012e-01
7.118438379270825012e-01
7.118437667422147230e-01
7.118436955573610447e-01
7.118436243725216883e-01
7.118435531876965428e-01
7.118434820028856080e-01
7.118434108180889952e-01
7.118433396333065932e-01
7.118432684485384021e-01
7.118431972637844218e-01
7.118431260790446524e-01
7.118430548943192049e-01
7.118429837096079682e-01
7.118429125249109424e-01
7.118428413402282384e-01
7.118427701555596343e-01
7.118426989709053521e-01
7.118426277862652807e-01
7.118425566016395312e-01
7.118424854170278815e-01
7.118424142324305537e-01
7.118423430478474367e-01
7.118422718632786417e-01
7.118422006787239464e-01
7.118421294941835731e-01
7.118420583096574106e-01
7.118419871251454589e-01
7.118419159406478292e-01
7.118418447561642992e-01
7.118417735716950911e-01
7.118417023872400939e-01
7.118416312027994186e-01
7.118415600183729541e-01
7.118414888339605895e-01
7.118414176495626577e-01
7.118413464651788258e-01
7.118412752808093158e-01
7.118412040964539056e-01
7.118411329121128173e-01
7.118410617277860508e-01
7.118409905434733842e-01
7.118409193591750395e-01
7.118408481748909056e-01
7.118407769906209825e-01
7.118407058063653814e-01
7.118406346221238801e-01
7.118405634378967006e-01
7.118404922536838431e-01
7.118404210694850853e-01
7.118403498853006495e-01
7.118402787011304245e-01
7.118402075169744103e-01
7.118401363328326070e-01
7.118400651487051256e-01
7.118399939645917440e-01
7.118399227804926843e-01
7.118398515964079465e-01
7.118397804123373085e-01
7.118397092282809924e-01
7.118396380442388871e-01
7.118395668602109927e-01
7.118394956761974202e-01
7.118394244921979475e-01
7.118393533082127966e-01
7.118392821242418567e-01
7.118392109402852386e-01
7.118391397563427203e-01
7.118390685724145239e-01
7.118389973885005384e-01
7.118389262046008747e-01
