3.029912486108836123e-01 6.970087513989824402e-01
3.029912913121772244e-01 6.970087086976887170e-01
3.029913320134429155e-01 6.970086679964230258e-01
3.029913727147004465e-01 6.970086272951655504e-01
3.029914154159688011e-01 6.970085845938971403e-01
3.029914571172193094e-01 6.970085428926466875e-01
3.029914998184706776e-01 6.970085001913952638e-01
3.029915415197043660e-01 6.970084584901615754e-01
3.029915842209388033e-01 6.970084157889271381e-01
3.029916239221377428e-01 6.970083760877281431e-01
3.029916636233286886e-01 6.970083363865372528e-01
3.029917063245380904e-01 6.970082936853277955e-01
3.029917500257476859e-01 6.970082499841181445e-01
3.029917917269313588e-01 6.970082082829345271e-01
3.029918334281066494e-01 6.970081665817593475e-01
3.029918771292904323e-01 6.970081228805755647e-01
3.029919218304737427e-01 6.970080781793922542e-01
3.029919645316316856e-01 6.970080354782342003e-01
3.029920092327972880e-01 6.970079907770685423e-01
3.029920559339699948e-01 6.970079440758959466e-01
3.029921026351333202e-01 6.970078973747326767e-01
3.029921483362795209e-01 6.970078516735864760e-01
3.029921920374012423e-01 6.970078079724647546e-01
3.029922367385217141e-01 6.970077632713442828e-01
3.029922844396558124e-01 6.970077155702101290e-01
3.029923321407803072e-01 6.970076678690855232e-01
3.029923798418953096e-01 6.970076201679705763e-01
3.029924285430079522e-01 6.970075714668578781e-01
3.029924792441250903e-01 6.970075207657407956e-01
3.029925299452320697e-01 6.970074700646338162e-01
3.029925806463289462e-01 6.970074193635370507e-01
3.029926313474156641e-01 6.970073686624503884e-01
3.029926810484854793e-01 6.970073189613805731e-01
3.029927307495454136e-01 6.970072692603206388e-01
3.029927804505953559e-01 6.970072195592706965e-01
3.029928281516225952e-01 6.970071718582433462e-01
3.029928758526402865e-01 6.970071241572256548e-01
3.029929235536484300e-01 6.970070764562175114e-01
3.029929692546348141e-01 6.970070307552310718e-01
3.029930139556060720e-01 6.970069860542598139e-01
3.029930596565743040e-01 6.970069403532915819e-01
3.029931063575392325e-01 6.970068936523267089e-01
3.029931530584947796e-01 6.970068469513711618e-01
3.029932017594522131e-01 6.970067982504137838e-01
3.029932504603998766e-01 6.970067495494660648e-01
3.029932991613378257e-01 6.970067008485281157e-01
3.029933468622607040e-01 6.970066531476052374e-01
3.029933925631636549e-01 6.970066074467022865e-01
3.029934362640472889e-01 6.970065637458185970e-01
3.029934789649171289e-01 6.970065210449487569e-01
3.029935246657931569e-01 6.970064753440726735e-01
3.029935703666600255e-01 6.970064296432058049e-01
3.029936160675177903e-01 6.970063839423481511e-01
3.029936597683572375e-01 6.970063402415086484e-01
3.029937044691923820e-01 6.970062955406735039e-01
3.029937491700186447e-01 6.970062508398472412e-01
3.029937968708488194e-01 6.970062031390170665e-01
3.029938425716610095e-01 6.970061574382048208e-01
3.029938892724682309e-01 6.970061107373975995e-01
3.029939349732621023e-01 6.970060650366037835e-01
3.029939806740468144e-01 6.970060193358190714e-01
3.029940263748223672e-01 6.970059736350434632e-01
3.029940730755925626e-01 6.970059269342733232e-01
3.029941197763533767e-01 6.970058802335126202e-01
3.029941674771083338e-01 6.970058325327576076e-01
3.029942151778537429e-01 6.970057848320121430e-01
3.029942638785929621e-01 6.970057361312729238e-01
3.029943125793224112e-01 6.970056874305434746e-01
3.029943632800483067e-01 6.970056367298176347e-01
3.029944149807670684e-01 6.970055850290988175e-01
3.029944666814755050e-01 6.970055333283903254e-01
3.029945163821679555e-01 6.970054836276978749e-01
3.029945640828450859e-01 6.970054359270206890e-01
3.029946127835153047e-01 6.970053872263504147e-01
3.029946594841708141e-01 6.970053405256949608e-01
3.029947091848241292e-01 6.970052908250417012e-01
3.029947608854720587e-01 6.970052391243937162e-01
3.029948135861119662e-01 6.970051864237538641e-01
3.029948672867433523e-01 6.970051327231223670e-01
3.029949209873639693e-01 6.970050790225017501e-01
3.029949716879682398e-01 6.970050283218975906e-01
3.029950223885623517e-01 6.970049776213035342e-01
3.029950740891479422e-01 6.970049259207178327e-01
3.029951267897249001e-01 6.970048732201409303e-01
3.029951804902927259e-01 6.970048195195730489e-01
3.029952361908526681e-01 6.970047638190131067e-01
3.029952918914014526e-01 6.970047081184642668e-01
3.029953475919390793e-01 6.970046524179265290e-01
3.029954042924666857e-01 6.970045957173989226e-01
3.029954609929829679e-01 6.970045390168826405e-01
3.029955166934870103e-01 6.970044833163786535e-01
3.029955733939806994e-01 6.970044266158849089e-01
3.029956300944630643e-01 6.970043699154024885e-01
3.029956867949341048e-01 6.970043132149315035e-01
3.029957424953932388e-01 6.970042575144722585e-01
3.029957991958416863e-01 6.970042008140238110e-01
3.029958568962790588e-01 6.970041431135864940e-01
3.029959135967047468e-01 6.970040864131608060e-01
3.029959692971189167e-01 6.970040307127465251e-01
3.029960259975220116e-01 6.970039740123434857e-01
