4.333404492689375831e-02
4.333404075506454289e-02
4.333403646202286380e-02
4.333403226999311963e-02
4.333402840119960492e-02
4.333402437078918285e-02
4.333402027977294874e-02
4.333401600693766870e-02
4.333401193612528707e-02
4.333400790571811934e-02
4.333400363288536505e-02
4.333399942066005345e-02
4.333399539025535596e-02
4.333399113762732846e-02
4.333398682439357219e-02
4.333398249095848920e-02
4.333397842015271340e-02
4.333397459177398131e-02
4.333397179370739732e-02
4.333396800573445506e-02
4.333396375311214521e-02
4.333395943988414822e-02
4.333395522766789187e-02
4.333395121747420781e-02
4.333394718707916926e-02
4.333394301526973663e-02
4.333393894447198219e-02
4.333393539893134333e-02
4.333393286349959683e-02
4.333392865128894711e-02
4.333392433806834698e-02
4.333392004505075973e-02
4.333391581264049719e-02
4.333391151962461690e-02
4.333390722660960398e-02
4.333390293359544454e-02
4.333389882240146901e-02
4.333389450918687102e-02
4.333389023637741755e-02
4.333388590296238796e-02
4.333388183217604106e-02
4.333387755936914110e-02
4.333387322595667890e-02
4.333386931678989695e-02
4.333386504398552275e-02
4.333386071057562100e-02
4.333385659938997908e-02
4.333385238719453941e-02
4.333384827601055589e-02
4.333384464967830751e-02
4.333384086172982486e-02
4.333383656872916850e-02
4.333383235653783666e-02
4.333382826556003015e-02
4.333382395235981649e-02
4.333382014421319206e-02
4.333381657849260521e-02
4.333381226529485486e-02
4.333380837634212557e-02
4.333380436617757098e-02
4.333380007318442945e-02
4.333379580039424528e-02
4.333379217407196116e-02
4.333378802249598233e-02
4.333378368910201228e-02
4.333377945671935266e-02
4.333377520413545653e-02
4.333377103236074612e-02
4.333376877978473846e-02
4.333376523427601157e-02
4.333376114331186774e-02
4.333375697154023820e-02
4.333375564826197346e-02
4.333375145628965558e-02
4.333374716330781751e-02
4.333374319355993987e-02
4.333374081977611758e-02
4.333373648639250036e-02
4.333373237523244215e-02
4.333372994084423030e-02
4.333372593069594048e-02
4.333372161751760515e-02
4.333371736494629617e-02
4.333371472854004314e-02
4.333371049617231602e-02
4.333370951633525037e-02
4.333370665770806124e-02
4.333370232433219477e-02
4.333369855661438341e-02
4.333369543536261942e-02
4.333369112219121605e-02
4.333369165750940166e-02
4.333368764736975076e-02
4.333368452612032518e-02
4.333368057658828348e-02
4.333367642503675038e-02
4.333367287954682789e-02
4.333366856638069808e-02
4.333366427341745625e-02
4.333366028348537013e-02
