6.478767075405390541e-01
6.478767427532133860e-01
6.478767779658806125e-01
6.478768131785409556e-01
6.478768483911940823e-01
6.478768836038403256e-01
6.478769188164793524e-01
6.478769540291114959e-01
6.478769892417365339e-01
6.478770244543544665e-01
6.478770596669654047e-01
6.478770948795693485e-01
6.478771300921661869e-01
6.478771653047560308e-01
6.478772005173387694e-01
6.478772357299145135e-01
6.478772709424832632e-01
6.478773061550449075e-01
6.478773413675994464e-01
6.478773765801469908e-01
6.478774117926875409e-01
6.478774470052209855e-01
6.478774822177474357e-01
6.478775174302668916e-01
6.478775526427792419e-01
6.478775878552844869e-01
6.478776230677827375e-01
6.478776582802739936e-01
6.478776934927581443e-01
6.478777287052353007e-01
6.478777639177054626e-01
6.478777991301685191e-01
6.478778343426244701e-01
6.478778695550734268e-01
6.478779047675153890e-01
6.478779399799502459e-01
6.478779751923781083e-01
6.478780104047988653e-01
6.478780456172126279e-01
6.478780808296193960e-01
6.478781160420190588e-01
6.478781512544116161e-01
6.478781864667972901e-01
6.478782216791757476e-01
6.478782568915473217e-01
6.478782921039117904e-01
6.478783273162691536e-01
6.478783625286195225e-01
6.478783977409628969e-01
6.478784329532991659e-01
6.478784681656284405e-01
6.478785033779506097e-01
6.478785385902657845e-01
6.478785738025738539e-01
6.478786090148749288e-01
6.478786442271690094e-01
6.478786794394559845e-01
6.478787146517359652e-01
6.478787498640088405e-01
6.478787850762747214e-01
6.478788202885334968e-01
6.478788555007852779e-01
6.478788907130300645e-01
6.478789259252677457e-01
6.478789611374983215e-01
6.478789963497220139e-01
6.478790315619386009e-01
6.478790667741480824e-01
6.478791019863505696e-01
6.478791371985459513e-01
6.478791724107343386e-01
6.478792076229157315e-01
6.478792428350900190e-01
6.478792780472573121e-01
6.478793132594174997e-01
6.478793484715706930e-01
6.478793836837168918e-01
6.478794188958559852e-01
6.478794541079879732e-01
6.478794893201130778e-01
6.478795245322309659e-01
6.478795597443419707e-01
6.478795949564458700e-01
6.478796301685426640e-01
6.478796653806324635e-01
6.478797005927152686e-01
6.478797358047909682e-01
6.478797710168595625e-01
6.478798062289212734e-01
6.478798414409758788e-01
6.478798766530233788e-01
6.478799118650638844e-01
6.478799470770973956e-01
6.478799822891238014e-01
6.478800175011431017e-01
6.478800527131555187e-01
6.478800879251607192e-01
6.478801231371590363e-01
6.478801583491502480e-01
6.478801935611343543e-01
