5.963055664727343608e-01
5.963056068425732770e-01
5.963056472124041996e-01
5.963056875822270175e-01
5.963057279520418419e-01
5.963057683218484506e-01
5.963058086916470657e-01
5.963058490614375762e-01
5.963058894312200930e-01
5.963059298009945053e-01
5.963059633235821000e-01
5.963059677895162780e-01
5.963059844836261503e-01
5.963060017516724765e-01
5.963060150184281705e-01
5.963060462928513328e-01
5.963060693228388054e-01
5.963061096925629245e-01
5.963061500622789390e-01
5.963061904319868489e-01
5.963062308016867652e-01
5.963062711713785768e-01
5.963063115410622839e-01
5.963063519107378863e-01
5.963063922804054950e-01
5.963064326500649992e-01
5.963064730197163987e-01
5.963065133893598047e-01
5.963065537589951060e-01
5.963065941286223026e-01
5.963066344982413947e-01
5.963066748678524931e-01
5.963067152374554869e-01
5.963067556070503761e-01
5.963067959766372717e-01
5.963068363462160626e-01
5.963068767157867489e-01
5.963069170853493306e-01
5.963069574549039187e-01
5.963069978244504021e-01
5.963070304721386217e-01
5.963070708416697840e-01
5.963071112111927308e-01
5.963071515807076839e-01
5.963071919502145324e-01
5.963072323197133873e-01
5.963072726892041375e-01
5.963073130586867832e-01
5.963073534281613242e-01
5.963073937976278716e-01
5.963074341670863143e-01
5.963074745365366525e-01
5.963075149059788860e-01
5.963075552754131259e-01
5.963075956448392612e-01
5.963076360142572918e-01
5.963076763836673289e-01
5.963077167530692613e-01
5.963077571224630891e-01
5.963077974918488122e-01
5.963078378612265418e-01
5.963078782305961667e-01
5.963079185999576870e-01
5.963079589693111027e-01
5.963079993386565247e-01
5.963080397079938422e-01
5.963080800773230550e-01
5.963081204466442742e-01
5.963081608159573888e-01
5.963081913406214074e-01
5.963082218727980832e-01
5.963082522570986033e-01
5.963082762867392139e-01
5.963082953439311495e-01
5.963083302044168699e-01
5.963083705736806905e-01
5.963084109429365176e-01
5.963084513121842400e-01
5.963084729771239711e-01
5.963084538850855765e-01
5.963084678369734437e-01
5.963085008515495167e-01
5.963085344513330277e-01
5.963085499019579183e-01
5.963085868162710801e-01
5.963086138258011371e-01
5.963086249518464443e-01
5.963086603110013817e-01
5.963087006801797152e-01
5.963087410493500551e-01
5.963087814185122904e-01
5.963088217876664210e-01
5.963088621568124470e-01
5.963089025259504794e-01
5.963089428950804072e-01
5.963089832642023413e-01
5.963090236333160599e-01
5.963090640024217848e-01
5.963091043715194051e-01
5.963091447406090317e-01
