2.030850406851497092e-01 7.969149593125962605e-01
2.030850283765250064e-01 7.969149716212210466e-01
2.030850173536295489e-01 7.969149826441164208e-01
2.030850047592926422e-01 7.969149952384534386e-01
2.030849937364017366e-01 7.969150062613442609e-01
2.030849834278054544e-01 7.969150165699405708e-01
2.030849738335036014e-01 7.969150261642424793e-01
2.030849656677882198e-01 7.969150343299578054e-01
2.030849562163485056e-01 7.969150437813975474e-01
2.030849471934859651e-01 7.969150528042601156e-01
2.030849373134747393e-01 7.969150626842713692e-01
2.030849267191734975e-01 7.969150732785724722e-01
2.030849154105824339e-01 7.969150845871636468e-01
2.030849039591352823e-01 7.969150960386107707e-01
2.030848936505572633e-01 7.969151063471888730e-01
2.030848819133978800e-01 7.969151180843482285e-01
2.030848716048241354e-01 7.969151283929221119e-01
2.030848615819690894e-01 7.969151384157771023e-01
2.030848524162658097e-01 7.969151475814804098e-01
2.030848445362889720e-01 7.969151554614571920e-01
2.030848379420381322e-01 7.969151620557080040e-01
2.030848299192060391e-01 7.969151700785400694e-01
2.030848224678085401e-01 7.969151775299375684e-01
2.030848161592783419e-01 7.969151838384678221e-01
2.030848089936001244e-01 7.969151910041459841e-01
2.030848008279159400e-01 7.969151991698301130e-01
2.030847910907933318e-01 7.969152089069527767e-01
2.030847803536655061e-01 7.969152196440805191e-01
2.030847693308234780e-01 7.969152306669226027e-01
2.030847597365650903e-01 7.969152402611809904e-01
2.030847474280041975e-01 7.969152525697418277e-01
2.030847339765808612e-01 7.969152660211651362e-01
2.030847209537344766e-01 7.969152790440116041e-01
2.030847069308841235e-01 7.969152930668619295e-01
2.030846936223269505e-01 7.969153063754191857e-01
2.030846798851982382e-01 7.969153201125478425e-01
2.030846674337946633e-01 7.969153325639514174e-01
2.030846554109676516e-01 7.969153445867783736e-01
2.030846436738590888e-01 7.969153563238869920e-01
2.030846306510308841e-01 7.969153693467152522e-01
2.030846187710691475e-01 7.969153812266769332e-01
2.030846066053938470e-01 7.969153933923521782e-01
2.030845941540050659e-01 7.969154058437409871e-01
2.030845829883402565e-01 7.969154170094058243e-01
2.030845723941094028e-01 7.969154276036366502e-01
2.030845620855964984e-01 7.969154379121495824e-01
2.030845522056593522e-01 7.969154477920866730e-01
2.030845408971453381e-01 7.969154591006007982e-01
2.030845313029280008e-01 7.969154686948181077e-01
2.030845224230019008e-01 7.969154775747442354e-01
2.030845134002197405e-01 7.969154865975264235e-01
2.030845059488755044e-01 7.969154940488706318e-01
2.030844984975327394e-01 7.969155015002133968e-01
2.030844886176088604e-01 7.969155113801372758e-01
2.030844785948291986e-01 7.969155214029169931e-01
2.030844695720559201e-01 7.969155304256902994e-01
2.030844602635689389e-01 7.969155397341772806e-01
2.030844503836528592e-01 7.969155496140933881e-01
2.030844410751696527e-01 7.969155589225765945e-01
2.030844317666883336e-01 7.969155682310579136e-01
2.030844248867897384e-01 7.969155751109564534e-01
2.030844175783194649e-01 7.969155824194267268e-01
2.030844089841316313e-01 7.969155910136145327e-01
2.030844006756608311e-01 7.969155993220853329e-01
2.030843932243375227e-01 7.969156067734086690e-01
2.030843839158665842e-01 7.969156160818795520e-01
2.030843736073941752e-01 7.969156263903520721e-01
2.030843645846422407e-01 7.969156354131040620e-01
2.030843542761738285e-01 7.969156457215724743e-01
2.030843441105650293e-01 7.969156558871812734e-01
2.030843350878187570e-01 7.969156649099276013e-01
2.030843247793563955e-01 7.969156752183900183e-01
2.030843167566165341e-01 7.969156832411298241e-01
2.030843090195933176e-01 7.969156909781530684e-01
2.030843009968566759e-01 7.969156990008897656e-01
2.030842909741168156e-01 7.969157090236296259e-01
2.030842782370869959e-01 7.969157217606595012e-01
2.030842663572044460e-01 7.969157336405420233e-01
2.030842539058945184e-01 7.969157460918518954e-01
2.030842410260147723e-01 7.969157589717316137e-01
2.030842291461395221e-01 7.969157708516069194e-01
2.030842174091240515e-01 7.969157825886223900e-01
2.030842042435370698e-01 7.969157957542093440e-01
2.030841923636690638e-01 7.969158076340773222e-01
2.030841804838034170e-01 7.969158195139428580e-01
2.030841690325121962e-01 7.969158309652341066e-01
2.030841571526512679e-01 7.969158428450949794e-01
2.030841438442196056e-01 7.969158561535266694e-01
2.030841319643635623e-01 7.969158680333826572e-01
2.030841196559380613e-01 7.969158803418081582e-01
2.030841069189432135e-01 7.969158930788030615e-01
2.030840944676653992e-01 7.969159055300808481e-01
2.030840820163901106e-01 7.969159179813561922e-01
2.030840699936889704e-01 7.969159300040572491e-01
2.030840579709902449e-01 7.969159420267559746e-01
2.030840448054363201e-01 7.969159551923098439e-01
2.030840312113134927e-01 7.969159687864326713e-01
2.030840174743361870e-01 7.969159825234100047e-01
2.030840031659330303e-01 7.969159968318131337e-01
2.030839882861041334e-01 7.969160117116420583e-01
