1.198509608550824912e-03
1.198509515267517185e-03
1.198509423619232737e-03
1.198509334014722294e-03
1.198509247271487303e-03
1.198509161754522699e-03
1.198509070923812125e-03
1.198508986224384098e-03
1.198508899889969437e-03
1.198508808650561698e-03
1.198508720272427894e-03
1.198508626989302312e-03
1.198508534523697044e-03
1.198508444101863612e-03
1.198508359402557667e-03
1.198508276747021605e-03
1.198508188368994053e-03
1.198508092224723990e-03
1.198508016109247438e-03
1.198507938358784252e-03
1.198507865922092191e-03
1.198507789806661176e-03
1.198507707151240040e-03
1.198507624495835384e-03
1.198507551241703240e-03
1.198507480440086934e-03
1.198507403098482242e-03
1.198507313085638492e-03
1.198507227977814059e-03
1.198507135103755571e-03
1.198507040594715654e-03
1.198506942815695097e-03
1.198506836452945543e-03
1.198506742761463670e-03
1.198506643756252522e-03
1.198506539437313619e-03
1.198506451059636480e-03
1.198506356141981581e-03
1.198506264903092741e-03
1.198506168759226435e-03
1.198506073841628132e-03
1.198505979332798333e-03
1.198505884006488336e-03
1.198505783775203693e-03
1.198505690083930203e-03
1.198505604158913969e-03
1.198505510876426766e-03
1.198505431900183903e-03
1.198505343113974182e-03
1.198505262502767019e-03
1.198505175351588818e-03
1.198505094740414615e-03
1.198505010041765479e-03
1.198504923299387875e-03
1.198504833695784475e-03
1.198504753493425615e-03
1.198504678196070242e-03
1.198504595541249537e-03
1.198504507163961194e-03
1.198504419195439404e-03
1.198504346350640201e-03
1.198504272279609425e-03
1.198504187581127039e-03
1.198504106152650881e-03
1.198504038212895714e-03
1.198503957601947893e-03
1.198503865954805760e-03
1.198503789840125013e-03
1.198503699419263459e-03
1.198503607363426114e-03
1.198503524300071742e-03
1.198503424478052169e-03
1.198503346728460248e-03
1.198503274292611262e-03
1.198503204718014310e-03
1.198503108983548166e-03
1.198503014066597564e-03
1.198502917105925651e-03
1.198502817692784521e-03
1.198502736264575727e-03
1.198502642982692207e-03
1.198502552562062890e-03
1.198502451514006683e-03
1.198502356188440232e-03
1.198502265359118737e-03
1.198502172077329109e-03
1.198502076751819254e-03
1.198501979382590255e-03
1.198501876290913567e-03
1.198501783417947521e-03
1.198501678691321062e-03
1.198501592767101283e-03
1.198501498259201513e-03
1.198501408247542579e-03
1.198501311287195926e-03
1.198501205334426799e-03
1.198501103060404865e-03
1.198501012640074137e-03
1.198500912409827942e-03
1.198500815449579301e-03
