1.667618191427413799e-01 8.332381808541931001e-01
1.667618344667096408e-01 8.332381655302247836e-01
1.667618491906690259e-01 8.332381508062653985e-01
1.667618651146369479e-01 8.332381348822973655e-01
1.667618802385941179e-01 8.332381197583402788e-01
1.667618991625839653e-01 8.332381008343504591e-01
1.667619138865309991e-01 8.332380861104033976e-01
1.667619278104677250e-01 8.332380721864667272e-01
1.667619399343852615e-01 8.332380600625491907e-01
1.667619542583201886e-01 8.332380457386142636e-01
1.667619659822290878e-01 8.332380340147053088e-01
1.667619759061198248e-01 8.332380240908145996e-01
1.667619848299998764e-01 8.332380151669346313e-01
1.667619957538953590e-01 8.332380042430391764e-01
1.667620074777954320e-01 8.332379925191391035e-01
1.667620186016881279e-01 8.332379813952464076e-01
1.667620301255818838e-01 8.332379698713526794e-01
1.667620424494799525e-01 8.332379575474545552e-01
1.667620555733820009e-01 8.332379444235524790e-01
1.667620698972910320e-01 8.332379300996435312e-01
1.667620872212209060e-01 8.332379127757136850e-01
1.667621067451644790e-01 8.332378932517701120e-01
1.667621262691041384e-01 8.332378737278305358e-01
1.667621445930307644e-01 8.332378554039039376e-01
1.667621651169702290e-01 8.332378348799643897e-01
1.667621828408848983e-01 8.332378171560498314e-01
1.667622007647974469e-01 8.332377992321372551e-01
1.667622206887208192e-01 8.332377793082138551e-01
1.667622442126657500e-01 8.332377557842688409e-01
1.667622731366437960e-01 8.332377268602908504e-01
1.667623040606298623e-01 8.332376959363048119e-01
1.667623337846015907e-01 8.332376662123330835e-01
1.667623673085928127e-01 8.332376326883418338e-01
1.667623972325535942e-01 8.332376027643810801e-01
1.667624267565057938e-01 8.332375732404287971e-01
1.667624562804520538e-01 8.332375437164825094e-01
1.667624834043773263e-01 8.332375165925572924e-01
1.667625061282698717e-01 8.332374938686647470e-01
1.667625288521578930e-01 8.332374711447766424e-01
1.667625549760617665e-01 8.332374450208728245e-01
1.667625778999415054e-01 8.332374220969930301e-01
1.667626022238247741e-01 8.332373977731097892e-01
1.667626315477317156e-01 8.332373684492028199e-01
1.667626628716439574e-01 8.332373371252905780e-01
1.667626963955620711e-01 8.332373036013723810e-01
1.667627337194939885e-01 8.332372662774404359e-01
1.667627724434258552e-01 8.332372275535087081e-01
1.667628113673510215e-01 8.332371886295835139e-01
1.667628492912633098e-01 8.332371507056712812e-01
1.667628870151670051e-01 8.332371129817676136e-01
1.667629281390798079e-01 8.332370718578547830e-01
1.667629682629795662e-01 8.332370317339550247e-01
1.667630105868816714e-01 8.332369894100529750e-01
1.667630515107688671e-01 8.332369484861656961e-01
1.667630914346433790e-01 8.332369085622912674e-01
1.667631315585107743e-01 8.332368684384238167e-01
1.667631706823658466e-01 8.332368293145687721e-01
1.667632106062164610e-01 8.332367893907182133e-01
1.667632485300508949e-01 8.332367514668836961e-01
1.667632848538713464e-01 8.332367151430633001e-01
1.667633195776782873e-01 8.332366804192562482e-01
1.667633533014744596e-01 8.332366466954601592e-01
1.667633878252668955e-01 8.332366121716676677e-01
1.667634241490588698e-01 8.332365758478756934e-01
1.667634588728379996e-01 8.332365411240965081e-01
1.667634935966101628e-01 8.332365064003243171e-01
1.667635231203582480e-01 8.332364768765762042e-01
1.667635530441016756e-01 8.332364469528327211e-01
1.667635827678385085e-01 8.332364172290959159e-01
1.667636154915783930e-01 8.332363845053560869e-01
1.667636476153100122e-01 8.332363523816245232e-01
1.667636779390301305e-01 8.332363220579043217e-01
1.667637066627399023e-01 8.332362933341945777e-01
1.667637329864376516e-01 8.332362670104969116e-01
1.667637573101251602e-01 8.332362426868092919e-01
1.667637846338149987e-01 8.332362153631194257e-01
1.667638089574924876e-01 8.332361910394419091e-01
1.667638342811672836e-01 8.332361657157671964e-01
1.667638586048349192e-01 8.332361413920994497e-01
1.667638835284989129e-01 8.332361164684354282e-01
1.667639090521590706e-01 8.332360909447753539e-01
1.667639335758122898e-01 8.332360664211221346e-01
1.667639628994687928e-01 8.332360370974656316e-01
1.667639924231197335e-01 8.332360075738146632e-01
1.667640199467617934e-01 8.332359800501726310e-01
1.667640468703974754e-01 8.332359531265369768e-01
1.667640721940256976e-01 8.332359278029086713e-01
1.667640957176467209e-01 8.332359042792877313e-01
1.667641182412619161e-01 8.332358817556725361e-01
1.667641417648736135e-01 8.332358582320608109e-01
1.667641674884826064e-01 8.332358325084519013e-01
1.667641922120856601e-01 8.332358077848488476e-01
1.667642171356838732e-01 8.332357828612506623e-01
1.667642384592749327e-01 8.332357615376595472e-01
1.667642537828587512e-01 8.332357462140757010e-01
1.667642675064388846e-01 8.332357324904956508e-01
1.667642836300169684e-01 8.332357163669176225e-01
1.667643035535925633e-01 8.332356964433419444e-01
1.667643230771641560e-01 8.332356769197704072e-01
1.667643428007318518e-01 8.332356571962027392e-01
