1.459249805278187368e-03
1.459249849333598597e-03
1.459249923048607086e-03
1.459249982334604855e-03
1.459250040017369019e-03
1.459250125756497490e-03
1.459250158589305360e-03
1.459250203446265303e-03
1.459250228262953721e-03
1.459250256286078991e-03
1.459250248236733079e-03
1.459250254616373602e-03
1.459250232138046459e-03
1.459250245732178356e-03
1.459250267342407370e-03
1.459250267309163997e-03
1.459250311364462902e-03
1.459250316942483586e-03
1.459250362600987908e-03
1.459250392227290838e-03
1.459250477164646164e-03
1.459250536450481736e-03
1.459250602950789817e-03
1.459250663839819530e-03
1.459250727133664738e-03
1.459250780006578251e-03
1.459250845705226379e-03
1.459250914610297264e-03
1.459251034016714960e-03
1.459251332181875057e-03
1.459251557400580287e-03
1.459251756166155033e-03
1.459252053529544804e-03
1.459252303597973876e-03
1.459252461481385082e-03
1.459252587300431236e-03
1.459252794883494171e-03
1.459252911083183798e-03
1.459253019266768935e-03
1.459253158713045076e-03
1.459253266094975897e-03
1.459253479289122262e-03
1.459253669236600581e-03
1.459253879224233332e-03
1.459254125284166611e-03
1.459254457116056919e-03
1.459254793757525743e-03
1.459255181701799020e-03
1.459255532772059339e-03
1.459255790855812493e-03
1.459256309461832816e-03
1.459256716644368769e-03
1.459257109397897904e-03
1.459257531009196512e-03
1.459257829172961457e-03
1.459258241966429484e-03
1.459258633918042143e-03
1.459258992202100598e-03
1.459259294373632535e-03
1.459259681515383917e-03
1.459259926772736972e-03
1.459260073432472110e-03
1.459260341134709657e-03
1.459260572764619571e-03
1.459260776338272732e-03
1.459261037627512542e-03
1.459261253225166205e-03
1.459261500085401800e-03
1.459261736524714156e-03
1.459261969757556917e-03
1.459262163711682030e-03
1.459262437826313197e-03
1.459262598112927040e-03
1.459262775233219865e-03
1.459262894637902187e-03
1.459263037289109223e-03
1.459263183948313319e-03
1.459263330607487924e-03
1.459263393098119733e-03
1.459263505288237390e-03
1.459263679201896688e-03
1.459263790590358293e-03
1.459263965305558934e-03
1.459264137615911118e-03
1.459264293092536182e-03
1.459264435743460892e-03
1.459264579195961205e-03
1.459264644892828639e-03
1.459264724216952514e-03
1.459264838010032725e-03
1.459265034368294840e-03
1.459265150566132867e-03
1.459265305240928408e-03
1.459265397390605620e-03
1.459265410983110779e-03
1.459265405337128617e-03
1.459265446985750884e-03
1.459265554365840730e-03
1.459265654531479751e-03
1.459265705799303071e-03
