6.017607106183531229e-01
6.017606504483701269e-01
6.017605902811816732e-01
6.017605301101097703e-01
6.017604699396065238e-01
6.017604097718975975e-01
6.017603496042007727e-01
6.017602894337336084e-01
6.017602292638348782e-01
6.017601690961741356e-01
6.017601089257430536e-01
6.017600487581064028e-01
6.017599885915947411e-01
6.017599284250950697e-01
6.017598682586074998e-01
6.017598080882364808e-01
6.017597479228860013e-01
6.017596877575475123e-01
6.017596275844302456e-01
6.017595674124380789e-01
6.017595072426836778e-01
6.017594470718284905e-01
6.017593869037677345e-01
6.017593267357190800e-01
6.017592665710213007e-01
6.017592064029966270e-01
6.017591462344276110e-01
6.017590860675399167e-01
6.017590258950994420e-01
6.017589657221145139e-01
6.017589055547065691e-01
6.017588453906494994e-01
6.017587852221526479e-01
6.017587250542242305e-01
6.017586648874208022e-01
6.017586047267508009e-01
6.017585445599714644e-01
6.017584843898652336e-01
6.017584242208839918e-01
6.017583640636010589e-01
6.017583039024346769e-01
6.017582437362719583e-01
6.017581835729037820e-01
6.017581234095475962e-01
6.017580632434209598e-01
6.017580030739675401e-01
6.017579429100908817e-01
6.017578827395485552e-01
6.017578225740266573e-01
6.017577624085168608e-01
6.017577022413495014e-01
6.017576420769765733e-01
6.017575819076074195e-01
6.017575217443714708e-01
6.017574615778087388e-01
6.017574014084756673e-01
6.017573412385980314e-01
6.017572810748538226e-01
6.017572209088957180e-01
6.017571607412802726e-01
6.017571005725637079e-01
6.017570404099806813e-01
6.017569802474096452e-01
6.017569200753903891e-01
6.017568599072785629e-01
6.017567997402917257e-01
6.017567395738734337e-01
6.017566794057976898e-01
6.017566192377340473e-01
6.017565590668999542e-01
6.017564989010861787e-01
6.017564387308327323e-01
6.017563785644866048e-01
6.017563184014913524e-01
6.017562582385082015e-01
6.017561980749805972e-01
6.017561379153604229e-01
6.017560777457355847e-01
6.017560175777922904e-01
6.017559574081914331e-01
6.017558972441675591e-01
6.017558370734779061e-01
6.017557769050261296e-01
6.017557167393687845e-01
6.017556565726106532e-01
6.017555964130988366e-01
6.017555362446951328e-01
6.017554760757470866e-01
6.017554159084805843e-01
6.017553557440085132e-01
6.017552955750965493e-01
6.017552354050836882e-01
6.017551752373088148e-01
6.017551150739978150e-01
6.017550549090294743e-01
6.017549947390646858e-01
6.017549345763463231e-01
6.017548744069620703e-01
6.017548142414852475e-01
6.017547540760205260e-01
