6.075477609625939968e-01
6.075477002072224852e-01
6.075476394518630752e-01
6.075475786965158775e-01
6.075475179411808924e-01
6.075474571858580086e-01
6.075473964305472263e-01
6.075473356752486565e-01
6.075472749199621880e-01
6.075472141646879320e-01
6.075471534094257775e-01
6.075470926541758354e-01
6.075470318989379948e-01
6.075469711437122555e-01
6.075469103884987288e-01
6.075468496332973034e-01
6.075467888781080905e-01
6.075467281229309791e-01
6.075466673677660800e-01
6.075466066126132825e-01
6.075465458574726973e-01
6.075464851023442137e-01
6.075464243472279424e-01
6.075463635921237726e-01
6.075463028370317042e-01
6.075462420819518483e-01
6.075461813268840938e-01
6.075461205718285518e-01
6.075460598167851112e-01
6.075459990617538830e-01
6.075459383067347563e-01
6.075458775517277310e-01
6.075458167967329182e-01
6.075457560417503178e-01
6.075456952867798188e-01
6.075456345318214213e-01
6.075455737768752362e-01
6.075455130219411526e-01
6.075454522670192814e-01
6.075453915121095116e-01
6.075453307572118433e-01
6.075452700023263874e-01
6.075452092474531440e-01
6.075451484925920020e-01
6.075450877377429615e-01
6.075450269829061334e-01
6.075449662280814067e-01
6.075449054732688925e-01
6.075448447184684797e-01
6.075447839636802794e-01
6.075447232089041805e-01
6.075446624541401830e-01
6.075446017044136005e-01
6.075445409597242108e-01
6.075444802150470336e-01
6.075444194653568664e-01
6.075443587156789116e-01
6.075442979710381497e-01
6.075442372264096003e-01
6.075441764717428583e-01
6.075441157271385118e-01
6.075440549925967826e-01
6.075439942530419524e-01
6.075439335034489297e-01
6.075438727639184133e-01
6.075438120193749070e-01
6.075437512748435021e-01
6.075436905303241986e-01
6.075436297757668136e-01
6.075435690312719350e-01
6.075435082918142493e-01
6.075434475473436846e-01
6.075433868028851103e-01
6.075433260584387485e-01
6.075432653039543052e-01
6.075432045595322572e-01
6.075431438151224217e-01
6.075430830857999620e-01
6.075430223514647343e-01
6.075429616221665885e-01
6.075429008677549758e-01
6.075428401284309610e-01
6.075427793740436622e-01
6.075427186548444380e-01
6.075426579306322239e-01
6.075425972014070197e-01
6.075425364772191195e-01
6.075424757480181182e-01
6.075424150087791464e-01
6.075423542745774785e-01
6.075422935303376182e-01
6.075422327810848788e-01
6.075421720368693324e-01
6.075421113127664752e-01
6.075420505685752426e-01
6.075419898193710200e-01
6.075419290752039903e-01
6.075418683209989901e-01
6.075418075668060913e-01
6.075417468176504965e-01
