5.679454226588323551e-02 9.432054577353996550e-01
5.679453658637334534e-02 9.432054634149095174e-01
5.679453090686460009e-02 9.432054690944182695e-01
5.679452522735698589e-02 9.432054747739259115e-01
5.679451954785050272e-02 9.432054804534323322e-01
5.679451386834516446e-02 9.432054861329376427e-01
5.679450818884095725e-02 9.432054918124418430e-01
5.679450250933788802e-02 9.432054974919449331e-01
5.679449682983594982e-02 9.432055031714469129e-01
5.679449115033515655e-02 9.432055088509476715e-01
5.679448547083548737e-02 9.432055145304473198e-01
5.679447979133696311e-02 9.432055202099458580e-01
5.679447411183956990e-02 9.432055258894432859e-01
5.679446843234332160e-02 9.432055315689394925e-01
5.679446275284819740e-02 9.432055372484347000e-01
5.679445707335421811e-02 9.432055429279286862e-01
5.679445139386136987e-02 9.432055486074214512e-01
5.679444571436965961e-02 9.432055542869132170e-01
5.679444003487908038e-02 9.432055599664037615e-01
5.679443435538964607e-02 9.432055656458931958e-01
5.679442867590134281e-02 9.432055713253815199e-01
5.679442299641417058e-02 9.432055770048686227e-01
5.679441731692814327e-02 9.432055826843547264e-01
5.679441163744324700e-02 9.432055883638396088e-01
5.679440595795948177e-02 9.432055940433233809e-01
5.679440027847686145e-02 9.432055997228059319e-01
5.679439459899537218e-02 9.432056054022874836e-01
5.679438891951502089e-02 9.432056110817678141e-01
5.679438324003580757e-02 9.432056167612470343e-01
5.679437756055772529e-02 9.432056224407251444e-01
5.679437188108078099e-02 9.432056281202020331e-01
5.679436620160496774e-02 9.432056337996779227e-01
5.679436052213029940e-02 9.432056394791525911e-01
5.679435484265676209e-02 9.432056451586260382e-01
5.679434916318436277e-02 9.432056508380984861e-01
5.679434348371309449e-02 9.432056565175697127e-01
5.679433780424296418e-02 9.432056621970398291e-01
5.679433212477397186e-02 9.432056678765088353e-01
5.679432644530611751e-02 9.432056735559767313e-01
5.679432076583939420e-02 9.432056792354434060e-01
5.679431508637380888e-02 9.432056849149090816e-01
5.679430940690936153e-02 9.432056905943735359e-01
5.679430372744604522e-02 9.432056962738367689e-01
5.679429804798386688e-02 9.432057019532990028e-01
5.679429236852282653e-02 9.432057076327600154e-01
5.679428668906292416e-02 9.432057133122199177e-01
5.679428100960415282e-02 9.432057189916787099e-01
5.679427533014651946e-02 9.432057246711362808e-01
5.679426965069001715e-02 9.432057303505928525e-01
5.679426397123465975e-02 9.432057360300482030e-01
5.679425829178043339e-02 9.432057417095024432e-01
5.679425261232733807e-02 9.432057473889554622e-01
5.679424693287538767e-02 9.432057530684074820e-01
5.679424125342456831e-02 9.432057587478582805e-01
5.679423557397487998e-02 9.432057644273079688e-01
5.679422989452633658e-02 9.432057701067565469e-01
5.679422421507892421e-02 9.432057757862039038e-01
5.679421853563264982e-02 9.432057814656501504e-01
5.679421285618751342e-02 9.432057871450952868e-01
5.679420717674350805e-02 9.432057928245393130e-01
5.679420149730064066e-02 9.432057985039822290e-01
5.679419581785891125e-02 9.432058041834239237e-01
5.679419013841831287e-02 9.432058098628645082e-01
5.679418445897885248e-02 9.432058155423039825e-01
5.679417877954053007e-02 9.432058212217423465e-01
5.679417310010333869e-02 9.432058269011794893e-01
5.679416742066728530e-02 9.432058325806155219e-01
5.679416174123236988e-02 9.432058382600504443e-01
5.679415606179859244e-02 9.432058439394842564e-01
5.679415038236594604e-02 9.432058496189168473e-01
5.679414470293443762e-02 9.432058552983484390e-01
5.679413902350406718e-02 9.432058609777788094e-01
5.679413334407482777e-02 9.432058666572079586e-01
5.679412766464672635e-02 9.432058723366361086e-01
5.679412198521976290e-02 9.432058780160630374e-01
5.679411630579393744e-02 9.432058836954888559e-01
5.679411062636924301e-02 9.432058893749135642e-01
5.679410494694568656e-02 9.432058950543371623e-01
5.679409926752326115e-02 9.432059007337595391e-01
5.679409358810197372e-02 9.432059064131809167e-01
5.679408790868182427e-02 9.432059120926009621e-01
5.679408222926281280e-02 9.432059177720200083e-01
5.679407654984493237e-02 9.432059234514379442e-01
5.679407087042818991e-02 9.432059291308546589e-01
5.679406519101258544e-02 9.432059348102702634e-01
5.679405951159811894e-02 9.432059404896847576e-01
5.679405383218478348e-02 9.432059461690980307e-01
5.679404815277258600e-02 9.432059518485103045e-01
5.679404247336151956e-02 9.432059575279213570e-01
5.679403679395159110e-02 9.432059632073312994e-01
5.679403111454280062e-02 9.432059688867400205e-01
5.679402543513514812e-02 9.432059745661477423e-01
5.679401975572862665e-02 9.432059802455542430e-01
5.679401407632324317e-02 9.432059859249596334e-01
5.679400839691899766e-02 9.432059916043638026e-01
5.679400271751589013e-02 9.432059972837669726e-01
5.679399703811391364e-02 9.432060029631689213e-01
5.679399135871307513e-02 9.432060086425697598e-01
5.679398567931336766e-02 9.432060143219694881e-01
5.679397999991479817e-02 9.432060200013679951e-01
