5.428438630437737444e-02
5.428438087588554478e-02
5.428437544739479759e-02
5.428437001890513980e-02
5.428436459041657142e-02
5.428435916192908550e-02
5.428435373344268206e-02
5.428434830495736801e-02
5.428434287647313644e-02
5.428433744798999427e-02
5.428433201950793457e-02
5.428432659102696428e-02
5.428432116254707646e-02
5.428431573406827110e-02
5.428431030559055515e-02
5.428430487711392860e-02
5.428429944863838452e-02
5.428429402016392291e-02
5.428428859169055071e-02
5.428428316321826791e-02
5.428427773474706758e-02
5.428427230627694972e-02
5.428426687780792126e-02
5.428426144933997527e-02
5.428425602087311869e-02
5.428425059240734457e-02
5.428424516394265986e-02
5.428423973547905762e-02
5.428423430701653785e-02
5.428422887855510748e-02
5.428422345009476652e-02
5.428421802163550802e-02
5.428421259317733200e-02
5.428420716472024538e-02
5.428420173626424816e-02
5.428419630780933341e-02
5.428419087935550114e-02
5.428418545090275826e-02
5.428418002245109786e-02
5.428417459400052686e-02
5.428416916555103833e-02
5.428416373710263226e-02
5.428415830865532254e-02
5.428415288020908835e-02
5.428414745176394357e-02
5.428414202331988819e-02
5.428413659487691528e-02
5.428413116643502484e-02
5.428412573799422380e-02
5.428412030955450523e-02
5.428411488111587607e-02
5.428410945267833632e-02
5.428410402424187209e-02
5.428409859580650421e-02
5.428409316737221185e-02
5.428408773893900890e-02
5.428408231050689536e-02
5.428407688207586429e-02
5.428407145364592262e-02
5.428406602521706342e-02
5.428406059678928669e-02
5.428405516836259936e-02
5.428404973993700144e-02
5.428404431151247905e-02
5.428403888308905301e-02
5.428403345466670943e-02
5.428402802624544832e-02
5.428402259782527661e-02
5.428401716940618738e-02
5.428401174098818061e-02
5.428400631257127018e-02
5.428400088415543528e-02
5.428399545574068980e-02
5.428399002732703371e-02
5.428398459891446010e-02
5.428397917050296895e-02
5.428397374209256721e-02
5.428396831368324793e-02
5.428396288527501806e-02
5.428395745686787066e-02
5.428395202846181267e-02
5.428394660005683714e-02
5.428394117165295102e-02
5.428393574325014737e-02
5.428393031484843312e-02
5.428392488644780134e-02
5.428391945804825897e-02
5.428391402964979906e-02
5.428390860125242162e-02
5.428390317285613359e-02
5.428389774446092803e-02
5.428389231606681187e-02
5.428388688767377818e-02
5.428388145928183389e-02
5.428387603089097901e-02
5.428387060250119966e-02
5.428386517411250972e-02
5.428385974572490918e-02
5.428385431733839112e-02
5.428384888895296245e-02
