6.174252398122039853e-01
6.174252780700549836e-01
6.174253163278983214e-01
6.174253545857338876e-01
6.174253928435619043e-01
6.174254311013822605e-01
6.174254693591949561e-01
6.174255076169999912e-01
6.174255458747973657e-01
6.174255841325870797e-01
6.174256223903691332e-01
6.174256606481436371e-01
6.174256989059103695e-01
6.174257371636695524e-01
6.174257754214209637e-01
6.174258136791648255e-01
6.174258519369009157e-01
6.174258901946294564e-01
6.174259284523503366e-01
6.174259667100635562e-01
6.174260049677691153e-01
6.174260432254670139e-01
6.174260814831573629e-01
6.174261197408399404e-01
6.174261579985148574e-01
6.174261962561822248e-01
6.174262345138418207e-01
6.174262727714938670e-01
6.174263110291382528e-01
6.174263492867748671e-01
6.174263875444039318e-01
6.174264258020253360e-01
6.174264640596390796e-01
6.174265023172451627e-01
6.174265405748435853e-01
6.174265788324344584e-01
6.174266170900175599e-01
6.174266553475930008e-01
6.174266936051608923e-01
6.174267318627211232e-01
6.174267701202735825e-01
6.174268083778184923e-01
6.174268466353557416e-01
6.174268848928853304e-01
6.174269231504072586e-01
6.174269614079215263e-01
6.174269996654281334e-01
6.174270379229270800e-01
6.174270761804183660e-01
6.174271144379021026e-01
6.174271526953780675e-01
6.174271909528464830e-01
6.174272292103072379e-01
6.174272674677602213e-01
6.174273057252056551e-01
6.174273318473646466e-01
6.174273471903958255e-01
6.174273658100097872e-01
6.174273482447192318e-01
6.174273653495765402e-01
6.174273579145461710e-01
6.174273879103773233e-01
6.174274129829788738e-01
6.174274092891948174e-01
6.174274403106135845e-01
6.174274737315892381e-01
6.174275094146690623e-01
6.174275187598723402e-01
6.174275366699305545e-01
6.174275491559289009e-01
6.174275602245583583e-01
6.174275858830984287e-01
6.174276078115176203e-01
6.174276110025436193e-01
6.174276323700196301e-01
6.174276659295072633e-01
6.174277041868286853e-01
6.174277424441424467e-01
6.174277732701585197e-01
6.174278004100175465e-01
6.174278312766450227e-01
6.174278542634525913e-01
6.174278849564456273e-01
6.174279069760740812e-01
6.174279301632012995e-01
6.174279575595673641e-01
6.174279827917626973e-01
6.174279486749668644e-01
6.174279557173772970e-01
6.174279758727654333e-01
6.174279926953698538e-01
6.174280290989547781e-01
6.174280652059266350e-01
6.174280935249067959e-01
6.174281264582408557e-01
6.174281366113699709e-01
6.174281560471931440e-01
6.174281817328746147e-01
6.174282077012444025e-01
6.174282459584236049e-01
