6.812173866216082452e-01
6.812173184992019737e-01
6.812172503768093579e-01
6.812171822544302868e-01
6.812171141320648715e-01
6.812170460097131119e-01
6.812169778873750081e-01
6.812169097650504490e-01
6.812168416427395456e-01
6.812167735204422980e-01
6.812167053981587062e-01
6.812166372758886590e-01
6.812165691536322676e-01
6.812165010313895319e-01
6.812164329091603410e-01
6.812163647869448058e-01
6.812162966647429263e-01
6.812162285425547026e-01
6.812161604203800236e-01
6.812160922982190003e-01
6.812160241760716328e-01
6.812159560539379211e-01
6.812158879318177540e-01
6.812158198097112427e-01
6.812157516876182761e-01
6.812156835655390763e-01
6.812156154434734212e-01
6.812155473214213108e-01
6.812154791993829672e-01
6.812154110773581683e-01
6.812153429553470252e-01
6.812152748333495378e-01
6.812152067113655951e-01
6.812151385893953082e-01
6.812150704674386770e-01
6.812150023454957015e-01
6.812149342235662708e-01
6.812148661016504958e-01
6.812147979797483766e-01
6.812147298578598020e-01
6.812146617359848833e-01
6.812145936141236202e-01
6.812145254922759019e-01
6.812144573704419503e-01
6.812143892486215435e-01
6.812143211268146814e-01
6.812142530050215861e-01
6.812141848832420354e-01
6.812141167614761406e-01
6.812140486397239014e-01
6.812139805179852070e-01
6.812139123962601683e-01
6.812138442745487854e-01
6.812137761528509472e-01
6.812137080311667647e-01
6.812136399094962380e-01
6.812135717878393670e-01
6.812135036661960408e-01
6.812134355445663703e-01
6.812133674229503555e-01
6.812132993013478854e-01
6.812132311797591822e-01
6.812131630581839126e-01
6.812130949366224097e-01
6.812130268150744516e-01
6.812129586935402603e-01
6.812128905720195027e-01
6.812128224505125118e-01
6.812127543290190657e-01
6.812126862075392753e-01
6.812126180860731406e-01
6.812125499646205506e-01
6.812124818431816164e-01
6.812124137217563380e-01
6.812123456003446043e-01
6.812122774789466373e-01
6.812122093575622150e-01
6.812121412361913375e-01
6.812120731148342268e-01
6.812120049934906607e-01
6.812119368721607504e-01
6.812118687508443848e-01
6.812118006295416750e-01
6.812117325082526209e-01
6.812116643869772226e-01
6.812115962657153689e-01
6.812115281444672821e-01
6.812114600232326289e-01
6.812113919020117425e-01
6.812113237808044008e-01
6.812112556596107149e-01
6.812111875384306847e-01
6.812111194172641992e-01
6.812110512961114805e-01
6.812109831749721955e-01
6.812109150538466773e-01
6.812108469327347038e-01
6.812107788116363860e-01
6.812107106905517240e-01
6.812106425694806067e-01
