2.605468877478574474e-01 7.394531122550417335e-01
2.605468826931191528e-01 7.394531173097800281e-01
2.605468776383818574e-01 7.394531223645174345e-01
2.605468732503186668e-01 7.394531267525805696e-01
2.605468688622563089e-01 7.394531311406429275e-01
2.605468638075219001e-01 7.394531361953773363e-01
2.605468594194613741e-01 7.394531405834378068e-01
2.605468540313925496e-01 7.394531459715066868e-01
2.605468483099883659e-01 7.394531516929108150e-01
2.605468435885943679e-01 7.394531564143048685e-01
2.605468388672013691e-01 7.394531611356979228e-01
2.605468354791543040e-01 7.394531645237449879e-01
2.605468320911079605e-01 7.394531679117913869e-01
2.605468283697260357e-01 7.394531716331731452e-01
2.605468233150002311e-01 7.394531766878990053e-01
2.605468185936115622e-01 7.394531814092877298e-01
2.605468135388877560e-01 7.394531864640114804e-01
2.605468081508288680e-01 7.394531918520703684e-01
2.605468030961071157e-01 7.394531969067921207e-01
2.605467980413863627e-01 7.394532019615128737e-01
2.605467929866666088e-01 7.394532070162326276e-01
2.605467875986119397e-01 7.394532124042871857e-01
2.605467808772147786e-01 7.394532191256844023e-01
2.605467744891548088e-01 7.394532255137443721e-01
2.605467674344244533e-01 7.394532325684747276e-01
2.605467600463596822e-01 7.394532399565394432e-01
2.605467519916249142e-01 7.394532480112743222e-01
2.605467439368917559e-01 7.394532560660075360e-01
2.605467365488315368e-01 7.394532634540676996e-01
2.605467294941085088e-01 7.394532705087907276e-01
2.605467234393937792e-01 7.394532765635054572e-01
2.605467170513446895e-01 7.394532829515545469e-01
2.605467109966324024e-01 7.394532890062668340e-01
2.605467049419213921e-01 7.394532950609778998e-01
2.605466995538825437e-01 7.394533004490166928e-01
2.605466938325092796e-01 7.394533061703899568e-01
2.605466884444725961e-01 7.394533115584266403e-01
2.605466833897723822e-01 7.394533166131267432e-01
2.605466780017378636e-01 7.394533220011613173e-01
2.605466739470457260e-01 7.394533260558534549e-01
2.605466698923544211e-01 7.394533301105448153e-01
2.605466668376697492e-01 7.394533331652294317e-01
2.605466651163265701e-01 7.394533348865726108e-01
2.605466643949893579e-01 7.394533356079098230e-01
2.605466640069874495e-01 7.394533359959117869e-01
2.605466622856451031e-01 7.394533377172541888e-01
2.605466615643083905e-01 7.394533384385908459e-01
2.605466601763016810e-01 7.394533398265975555e-01
2.605466591216302752e-01 7.394533408812690167e-01
2.605466587336290885e-01 7.394533412692700924e-01
2.605466573456231005e-01 7.394533426572761359e-01
2.605466556242824194e-01 7.394533443786167615e-01
2.605466522362675508e-01 7.394533477666316301e-01
2.605466481815836843e-01 7.394533518213155521e-01
2.605466447935703145e-01 7.394533552093288664e-01
2.605466417388923595e-01 7.394533582640068214e-01
2.605466393508846235e-01 7.394533606520146130e-01
2.605466369628773315e-01 7.394533630400219604e-01
2.605466339082010974e-01 7.394533660946981390e-01
2.605466325201988287e-01 7.394533674827002967e-01
2.605466321322007506e-01 7.394533678706983748e-01
2.605466320775373101e-01 7.394533679253618708e-01
2.605466323562084519e-01 7.394533676466906735e-01
2.605466309682068493e-01 7.394533690346921651e-01
2.605466302468745776e-01 7.394533697560244923e-01
2.605466285255390591e-01 7.394533714773601218e-01
2.605466274708727048e-01 7.394533725320264761e-01
2.605466257495377413e-01 7.394533742533613285e-01
2.605466223615313659e-01 7.394533776413677595e-01
2.605466213068659553e-01 7.394533786960332256e-01
2.605466219188722343e-01 7.394533780840268911e-01
2.605466221975441532e-01 7.394533778053549167e-01
2.605466204762105775e-01 7.394533795266884368e-01
2.605466187548773904e-01 7.394533812480217350e-01
2.605466167002103983e-01 7.394533833026886160e-01
2.605466143122097122e-01 7.394533856906894131e-01
2.605466139242140211e-01 7.394533860786850488e-01
2.605466152028887983e-01 7.394533848000103271e-01
2.605466164815632979e-01 7.394533835213358275e-01
2.605466187602395456e-01 7.394533812426595798e-01
2.605466217055832923e-01 7.394533782973158331e-01
2.605466256509281764e-01 7.394533743519708935e-01
2.605466289296045623e-01 7.394533710732946741e-01
2.605466318749463661e-01 7.394533681279528148e-01
2.605466351536214198e-01 7.394533648492778166e-01
2.605466384322958628e-01 7.394533615706033736e-01
2.605466410443020853e-01 7.394533589585970956e-01
2.605466439896415021e-01 7.394533560132576788e-01
2.605466479349814457e-01 7.394533520679177352e-01
2.605466515469869182e-01 7.394533484559122627e-01
2.605466548256580861e-01 7.394533451772411503e-01
2.605466577709949494e-01 7.394533422319042870e-01
2.605466600496640917e-01 7.394533399532351448e-01
2.605466619949992069e-01 7.394533380079000295e-01
2.605466629403335177e-01 7.394533370625657742e-01
2.605466632190006626e-01 7.394533367838985738e-01
2.605466641643345849e-01 7.394533358385646515e-01
2.605466641096681468e-01 7.394533358932311451e-01
2.605466640550017088e-01 7.394533359478975276e-01
2.605466640003352707e-01 7.394533360025639102e-01
