4.312065521176465825e-04
4.312065112262449896e-04
4.312064681051756116e-04
4.312064428215212639e-04
4.312064019301428729e-04
4.312063654981234165e-04
4.312063246067609091e-04
4.312062814857317550e-04
4.312062472834100077e-04
4.312062219997929023e-04
4.312061811084611320e-04
4.312061491358336785e-04
4.312061327709292382e-04
4.312060896499450785e-04
4.312060465289695925e-04
4.312060859059086934e-04
4.312060561629796535e-04
4.312060197310385308e-04
4.312059766100872766e-04
4.312059580155392833e-04
4.312059148946028285e-04
4.312058896110493116e-04
4.312058464901283609e-04
4.312058033692159754e-04
4.312057803153523613e-04
4.312057371944552631e-04
4.312056940735667300e-04
4.312056554120278075e-04
4.312056167504965828e-04
4.312055758593030482e-04
4.312055394274572811e-04
4.312054985362796301e-04
4.312054621044488791e-04
4.312054212132871117e-04
4.312053780924647150e-04
4.312053483496630147e-04
4.312053096881934269e-04
4.312053111607596907e-04
4.312052680399655375e-04
4.312052382971867681e-04
4.312052018654111488e-04
4.312051676633102534e-04
4.312051490688859675e-04
4.312051282447984502e-04
4.312051051910484605e-04
4.312050620703051021e-04
4.312050457055650269e-04
4.312050048145021929e-04
4.312049683827790490e-04
4.312049341807288401e-04
4.312048910600241335e-04
4.312048479393280464e-04
4.312048048186405786e-04
4.312047616979617845e-04
4.312047408739359041e-04
4.312047111312574234e-04
4.312046791589208071e-04
4.312046494162544694e-04
4.312046085252762033e-04
4.312045810122861617e-04
4.312045468103122806e-04
4.312045148380081361e-04
4.312044784063850098e-04
4.312044375154443655e-04
4.312044033134985110e-04
4.312043601929116030e-04
4.312043215316567956e-04
4.312042940187174405e-04
4.312042553574769988e-04
4.312042657487882911e-04
4.312042315468801669e-04
4.312041884263363017e-04
4.312041564541031183e-04
4.312041133335753535e-04
4.312040902799960714e-04
4.312040471594835397e-04
4.312040330245536053e-04
4.312040122006485050e-04
4.312039713098157930e-04
4.312039660935330378e-04
4.312039564179340656e-04
4.312039512016538584e-04
4.312039080811854537e-04
4.312038738793575604e-04
4.312038419071941996e-04
4.312038054757222111e-04
4.312037712739148635e-04
4.312037437610855006e-04
4.312037050999774400e-04
4.312036664388770773e-04
4.312036233184716105e-04
4.312035801980748173e-04
4.312035370776865894e-04
4.312034939573070351e-04
4.312034508369360459e-04
4.312034077165737304e-04
4.312033712851852255e-04
4.312033504613879491e-04
4.312033162596671208e-04
4.312032842876075182e-04
