2.232275822024763767e-01 7.767724177964133725e-01
2.232275847547431635e-01 7.767724152441465302e-01
2.232275870570069876e-01 7.767724129418827061e-01
2.232275913592895733e-01 7.767724086396000649e-01
2.232275944115594546e-01 7.767724055873301836e-01
2.232275969638239932e-01 7.767724030350655617e-01
2.232276018911101001e-01 7.767723981077794271e-01
2.232276061933894939e-01 7.767723938055000055e-01
2.232276123706851134e-01 7.767723876282044415e-01
2.232276166729625644e-01 7.767723833259269073e-01
2.232276198502291809e-01 7.767723801486603463e-01
2.232276241525050220e-01 7.767723758463843664e-01
2.232276274547713435e-01 7.767723725441181282e-01
2.232276295070262373e-01 7.767723704918632066e-01
2.232276320592849750e-01 7.767723679396044689e-01
2.232276346115431853e-01 7.767723653873461753e-01
2.232276365387957373e-01 7.767723634600935956e-01
2.232276387160499476e-01 7.767723612828394408e-01
2.232276436433259792e-01 7.767723563555634092e-01
2.232276465705850255e-01 7.767723534283043074e-01
2.232276509978553536e-01 7.767723490010339793e-01
2.232276541751150312e-01 7.767723458237743017e-01
2.232276568523702265e-01 7.767723431465191064e-01
2.232276609046353333e-01 7.767723390942540274e-01
2.232276650819005892e-01 7.767723349169888269e-01
2.232276685091594270e-01 7.767723314897299058e-01
2.232276706864084748e-01 7.767723293124808581e-01
2.232276747386705840e-01 7.767723252602187767e-01
2.232276789159327590e-01 7.767723210829565739e-01
2.232276830931941292e-01 7.767723169056952592e-01
2.232276848954382609e-01 7.767723151034511275e-01
2.232276881976922311e-01 7.767723118011972128e-01
2.232276902499371607e-01 7.767723097489522832e-01
2.232276930521866487e-01 7.767723069467028507e-01
2.232276957294347386e-01 7.767723042694547608e-01
2.232276984066823011e-01 7.767723015922072261e-01
2.232277012089301238e-01 7.767722987899593479e-01
2.232277053861859151e-01 7.767722946127036954e-01
2.232277076884294220e-01 7.767722923104601884e-01
2.232277121156852062e-01 7.767722878832044042e-01
2.232277164179393703e-01 7.767722835809501847e-01
2.232277192201840010e-01 7.767722807787055261e-01
2.232277182724067000e-01 7.767722817264828272e-01
2.232277169496274527e-01 7.767722830492621577e-01
2.232277153768471023e-01 7.767722846220425081e-01
2.232277160540792338e-01 7.767722839448103489e-01
2.232277161063078996e-01 7.767722838925816831e-01
2.232277137835242120e-01 7.767722862153653152e-01
2.232277103357352688e-01 7.767722896631543694e-01
2.232277053879395123e-01 7.767722946109500981e-01
2.232277008151465902e-01 7.767722991837430202e-01
2.232276963673551495e-01 7.767723036315344887e-01
2.232276922945663766e-01 7.767723077043232616e-01
2.232276857217669330e-01 7.767723142771226774e-01
2.232276798989721867e-01 7.767723200999174793e-01
2.232276737011769097e-01 7.767723262977127563e-01
2.232276673783823717e-01 7.767723326205072665e-01
2.232276619305927634e-01 7.767723380682969303e-01
2.232276581078108946e-01 7.767723418910787991e-01
2.232276544100302851e-01 7.767723455888594364e-01
2.232276497122465120e-01 7.767723502866431540e-01
2.232276461394679667e-01 7.767723538594217825e-01
2.232276431916924708e-01 7.767723568071973617e-01
2.232276426189260532e-01 7.767723573799636405e-01
2.232276419211593477e-01 7.767723580777303738e-01
2.232276417233944876e-01 7.767723582754951783e-01
2.232276402756255551e-01 7.767723597232641941e-01
2.232276408278632829e-01 7.767723591710264941e-01
2.232276431301063180e-01 7.767723568687834312e-01
2.232276461823511637e-01 7.767723538165385300e-01
2.232276489845947121e-01 7.767723510142950927e-01
2.232276521618386800e-01 7.767723478370510692e-01
2.232276564640850725e-01 7.767723435348046213e-01
2.232276615163325817e-01 7.767723384825572230e-01
2.232276656935768822e-01 7.767723343053128948e-01
2.232276688708179357e-01 7.767723311280718690e-01
2.232276710480560755e-01 7.767723289508337015e-01
2.232276728502929075e-01 7.767723271485968972e-01
2.232276752775307349e-01 7.767723247213591531e-01
2.232276763297653399e-01 7.767723236691246314e-01
2.232276768819987101e-01 7.767723231168911502e-01
2.232276774342319969e-01 7.767723225646578911e-01
2.232276772364639172e-01 7.767723227624259152e-01
2.232276762886946930e-01 7.767723237101952227e-01
2.232276763409271336e-01 7.767723236579627821e-01
2.232276753931581870e-01 7.767723246057316455e-01
2.232276761953916888e-01 7.767723238034981437e-01
2.232276781226264217e-01 7.767723218762635495e-01
2.232276790498596009e-01 7.767723209490302594e-01
2.232276814770941531e-01 7.767723185217958459e-01
2.232276817793262536e-01 7.767723182195636067e-01
2.232276838315596923e-01 7.767723161673301124e-01
2.232276842587916088e-01 7.767723157400981959e-01
2.232276836860228320e-01 7.767723163128670283e-01
2.232276874882563600e-01 7.767723125106333892e-01
2.232276892904883348e-01 7.767723107084014700e-01
2.232276925927204059e-01 7.767723074061694266e-01
2.232276965199519458e-01 7.767723034789378866e-01
2.232277003221826706e-01 7.767722996767071342e-01
2.232277017494126159e-01 7.767722982494771333e-01
