1.146342753673892023e-03
1.146342712881519722e-03
1.146342684292027403e-03
1.146342658205693789e-03
1.146342634935412037e-03
1.146342622929321037e-03
1.146342588394862628e-03
1.146342559492503172e-03
1.146342551866938930e-03
1.146342522964588799e-03
1.146342490933305574e-03
1.146342461092285728e-03
1.146342433754422418e-03
1.146342410484184251e-03
1.146342372195049584e-03
1.146342330776985077e-03
1.146342291236291224e-03
1.146342276414205824e-03
1.146342259088974297e-03
1.146342215793575998e-03
1.146342200032821751e-03
1.146342166124244633e-03
1.146342139725118909e-03
1.146342111448637492e-03
1.146342071907997199e-03
1.146342047386249285e-03
1.146342022551612985e-03
1.146341991146221026e-03
1.146341969127635287e-03
1.146341953679813229e-03
1.146341920709971094e-03
1.146341888365922214e-03
1.146341844757723999e-03
1.146341803026893619e-03
1.146341778192301554e-03
1.146341751167462590e-03
1.146341719762125925e-03
1.146341687731009451e-03
1.146341646938894756e-03
1.146341628362190779e-03
1.146341607595239469e-03
1.146341572122324933e-03
1.146341529139987842e-03
1.146341488660802084e-03
1.146341435040125608e-03
1.146341396438314408e-03
1.146341355959154236e-03
1.146341307657683557e-03
1.146341262485149658e-03
1.146341196348815402e-03
1.146341125831997322e-03
1.146341072524287297e-03
1.146341006700884579e-03
1.146340936496999122e-03
1.146340866606020267e-03
1.146340810482324949e-03
1.146340753107071096e-03
1.146340697922075633e-03
1.146340633350319271e-03
1.146340579729808679e-03
1.146340506709984117e-03
1.146340452150819856e-03
1.146340402285050790e-03
1.146340358677136418e-03
1.146340311314524105e-03
1.146340272400010350e-03
1.146340238491778659e-03
1.146340184558458175e-03
1.146340159724112441e-03
1.146340134263987547e-03
1.146340111307004011e-03
1.146340073331209410e-03
1.146340044742181347e-03
1.146340028668835784e-03
1.146340001644277195e-03
1.146339971177913605e-03
1.146339945404933501e-03
1.146339899606883253e-03
1.146339862569811709e-03
1.146339818336237657e-03
1.146339770660863375e-03
1.146339722985498851e-03
1.146339685009784915e-03
1.146339649850103108e-03
1.146339626267416957e-03
1.146339587040157929e-03
1.146339547812906708e-03
1.146339503892290865e-03
1.146339463413489999e-03
1.146339416363977059e-03
1.146339375885192888e-03
1.146339327271241482e-03
1.146339274276821215e-03
1.146339235049628758e-03
1.146339214283028946e-03
1.146339165356221896e-03
1.146339147718545420e-03
1.146339121007028308e-03
1.146339097737319231e-03
1.146339061013296754e-03
