7.188685241691341599e-01
7.188685522825573049e-01
7.188685803959747878e-01
7.188686085093866085e-01
7.188686366227928781e-01
7.188686647361934856e-01
7.188686928495884310e-01
7.188687209629778252e-01
7.188687490763615573e-01
7.188687771897396273e-01
7.188688053031121461e-01
7.188688334164790028e-01
7.188688615298401974e-01
7.188688896431958408e-01
7.188689177565458222e-01
7.188689458698902524e-01
7.188689739832290204e-01
7.188690020965621263e-01
7.188690302098895701e-01
7.188690583232114628e-01
7.188690864365278044e-01
7.188691145498383728e-01
7.188691426631433901e-01
7.188691707764428562e-01
7.188691988897365492e-01
7.188692270030248022e-01
7.188692551163072819e-01
7.188692832295842106e-01
7.188693113428554771e-01
7.188693394561210814e-01
7.188693675693811347e-01
7.188693956826355258e-01
7.188694237958843658e-01
7.188694519091275437e-01
7.188694800223650594e-01
7.188695081355970240e-01
7.188695362488233265e-01
7.188695643620439668e-01
7.188695924752590560e-01
7.188696205884684831e-01
7.188696487016722481e-01
7.188696768148704619e-01
7.188697049280630136e-01
7.188697330412499031e-01
7.188697611544312416e-01
7.188697892676069179e-01
7.188698173807770431e-01
7.188698454939415061e-01
7.188698736071003070e-01
7.188699017202535568e-01
7.188699298334011445e-01
7.188699579465430700e-01
7.188699860596794444e-01
7.188700141728101567e-01
7.188700422859352068e-01
7.188700703990547058e-01
7.188700985121685427e-01
7.188701266252767175e-01
7.188701547383793411e-01
7.188701828514763026e-01
7.188702109645677130e-01
7.188702390776534612e-01
7.188702671907335473e-01
7.188702953038079713e-01
7.188703234168768441e-01
7.188703515299401658e-01
7.188703796429977144e-01
7.188704077560497119e-01
7.188704358690961582e-01
7.188704639821368314e-01
7.188704920951719535e-01
7.188705202082015244e-01
7.188705483212254332e-01
7.188705764342436799e-01
7.188706045472562645e-01
7.188706326602632979e-01
7.188706607732646692e-01
7.188706888862604893e-01
7.188707169992506474e-01
7.188707451122351433e-01
7.188707732252140881e-01
7.188708013381873707e-01
7.188708294511549912e-01
7.188708575641170606e-01
7.188708856770734679e-01
7.188709137900242130e-01
7.188709419029694070e-01
7.188709700159089389e-01
7.188709981288429196e-01
7.188710262417711272e-01
7.188710543546938947e-01
7.188710824676108890e-01
7.188711105805223323e-01
7.188711386934281133e-01
7.188711668063283433e-01
7.188711949192229111e-01
7.188712230321118168e-01
7.188712511449951714e-01
7.188712792578728639e-01
7.188713073707448942e-01
