2.297555945771647193e-02 9.770244405718837566e-01
2.297555716013801111e-02 9.770244428694622174e-01
2.297555486256000826e-02 9.770244451670402341e-01
2.297555256498246684e-02 9.770244474646176958e-01
2.297555026740538339e-02 9.770244497621948243e-01
2.297554796982875791e-02 9.770244520597713977e-01
2.297554567225259387e-02 9.770244543573476381e-01
2.297554337467688779e-02 9.770244566549233234e-01
2.297554107710164314e-02 9.770244589524985646e-01
2.297553877952685647e-02 9.770244612500733616e-01
2.297553648195253123e-02 9.770244635476476036e-01
2.297553418437866396e-02 9.770244658452215125e-01
2.297553188680525812e-02 9.770244681427948663e-01
2.297552958923231026e-02 9.770244704403678870e-01
2.297552729165982036e-02 9.770244727379403527e-01
2.297552499408779189e-02 9.770244750355123742e-01
2.297552269651622139e-02 9.770244773330839516e-01
2.297552039894511233e-02 9.770244796306550850e-01
2.297551810137446124e-02 9.770244819282256632e-01
2.297551580380427158e-02 9.770244842257959084e-01
2.297551350623453989e-02 9.770244865233655984e-01
2.297551120866526964e-02 9.770244888209348444e-01
2.297550891109645735e-02 9.770244911185036463e-01
2.297550661352810303e-02 9.770244934160720041e-01
2.297550431596021014e-02 9.770244957136399178e-01
2.297550201839277870e-02 9.770244980112073874e-01
2.297549972082580522e-02 9.770245003087743019e-01
2.297549742325928970e-02 9.770245026063407723e-01
2.297549512569323563e-02 9.770245049039069096e-01
2.297549282812763952e-02 9.770245072014724919e-01
2.297549053056250137e-02 9.770245094990376300e-01
2.297548823299782467e-02 9.770245117966023241e-01
2.297548593543360940e-02 9.770245140941664630e-01
2.297548363786985209e-02 9.770245163917302689e-01
2.297548134030655276e-02 9.770245186892935196e-01
2.297547904274371486e-02 9.770245209868563263e-01
2.297547674518133493e-02 9.770245232844187999e-01
2.297547444761941643e-02 9.770245255819807184e-01
2.297547215005795590e-02 9.770245278795420818e-01
2.297546985249695681e-02 9.770245301771031121e-01
2.297546755493641568e-02 9.770245324746636983e-01
2.297546525737633599e-02 9.770245347722237295e-01
2.297546295981671427e-02 9.770245370697833165e-01
2.297546066225755051e-02 9.770245393673425705e-01
2.297545836469884820e-02 9.770245416649012693e-01
2.297545606714060384e-02 9.770245439624594130e-01
2.297545376958282093e-02 9.770245462600172237e-01
2.297545147202549598e-02 9.770245485575745903e-01
2.297544917446863247e-02 9.770245508551314018e-01
2.297544687691222692e-02 9.770245531526877691e-01
2.297544457935627935e-02 9.770245554502438035e-01
2.297544228180079320e-02 9.770245577477992827e-01
2.297543998424576850e-02 9.770245600453543178e-01
2.297543768669120176e-02 9.770245623429087978e-01
2.297543538913709299e-02 9.770245646404629447e-01
2.297543309158344566e-02 9.770245669380165365e-01
2.297543079403025629e-02 9.770245692355697953e-01
2.297542849647752836e-02 9.770245715331224989e-01
2.297542619892525839e-02 9.770245738306747585e-01
2.297542390137344639e-02 9.770245761282265740e-01
2.297542160382209583e-02 9.770245784257779453e-01
2.297541930627120671e-02 9.770245807233287616e-01
2.297541700872077555e-02 9.770245830208792448e-01
2.297541471117080236e-02 9.770245853184291729e-01
2.297541241362129061e-02 9.770245876159787679e-01
2.297541011607223682e-02 9.770245899135278078e-01
2.297540781852364447e-02 9.770245922110764036e-01
2.297540552097551009e-02 9.770245945086244443e-01
2.297540322342783367e-02 9.770245968061721520e-01
2.297540092588061869e-02 9.770245991037194155e-01
2.297539862833386515e-02 9.770246014012661240e-01
2.297539633078756957e-02 9.770246036988123883e-01
2.297539403324173196e-02 9.770246059963582086e-01
2.297539173569635579e-02 9.770246082939035848e-01
2.297538943815143758e-02 9.770246105914485168e-01
2.297538714060698081e-02 9.770246128889930048e-01
2.297538484306298201e-02 9.770246151865369377e-01
2.297538254551944117e-02 9.770246174840805375e-01
2.297538024797636177e-02 9.770246197816235822e-01
2.297537795043374381e-02 9.770246220791661829e-01
2.297537565289158382e-02 9.770246243767083394e-01
2.297537535535347855e-02 9.770246246742465557e-01
2.297537505781543921e-02 9.770246249717845499e-01
2.297537476027745537e-02 9.770246252693226552e-01
2.297537446273953052e-02 9.770246255668605384e-01
2.297537416520166811e-02 9.770246258643985326e-01
2.297537386766386469e-02 9.770246261619363048e-01
2.297537357012611678e-02 9.770246264594740770e-01
2.297537327258843479e-02 9.770246267570118492e-01
2.297537297505080831e-02 9.770246270545495104e-01
2.297537267751324080e-02 9.770246273520871716e-01
2.297537237997573575e-02 9.770246276496247217e-01
2.297537408243969029e-02 9.770246259471607742e-01
2.297537578490330135e-02 9.770246242446972706e-01
2.297537748736657587e-02 9.770246225422341002e-01
2.297537918982951038e-02 9.770246208397712628e-01
2.297538289229270059e-02 9.770246171373080379e-01
2.297538659475515180e-02 9.770246134348454792e-01
2.297539029721686402e-02 9.770246097323836976e-01
2.297539199967783483e-02 9.770246080299228586e-01
