1.220266937767187487e-03
1.220266815739297741e-03
1.220266693711432497e-03
1.220266571683591757e-03
1.220266449655775303e-03
1.220266327627983352e-03
1.220266205600215688e-03
1.220266083572472309e-03
1.220265961544753650e-03
1.220265839517059277e-03
1.220265717489389190e-03
1.220265595461743607e-03
1.220265473434122526e-03
1.220265351406525731e-03
1.220265229378953223e-03
1.220265107351405217e-03
1.220264985323881715e-03
1.220264863296382498e-03
1.220264741268907785e-03
1.220264619241457574e-03
1.220264497214031433e-03
1.220264375186630012e-03
1.220264253159252877e-03
1.220264131131900244e-03
1.220264009104571898e-03
1.220263887077267838e-03
1.220263765049988498e-03
1.220263643022733227e-03
1.220263520995502676e-03
1.220263398968296411e-03
1.220263276941114432e-03
1.220263154913956956e-03
1.220263032886823983e-03
1.220262910859715296e-03
1.220262788832630896e-03
1.220262666805570998e-03
1.220262544778535603e-03
1.220262422751524495e-03
1.220262300724537889e-03
1.220262178697575787e-03
1.220262056670637970e-03
1.220261934643724440e-03
1.220261812616835412e-03
1.220261690589970888e-03
1.220261568563130649e-03
1.220261446536314914e-03
1.220261324509523465e-03
1.220261202482756518e-03
1.220261080456013858e-03
1.220260958429295701e-03
1.220260836402601830e-03
1.220260714375932462e-03
1.220260592349287597e-03
1.220260470322667018e-03
1.220260348296070942e-03
1.220260226269499152e-03
1.220260104242951865e-03
1.220259982216428864e-03
1.220259860189930367e-03
1.220259738163456155e-03
1.220259616137006446e-03
1.220259494110581240e-03
1.220259372084180321e-03
1.220259250057803687e-03
1.220259128031451557e-03
1.220259006005123929e-03
1.220258883978820588e-03
1.220258761952541749e-03
1.220258639926287414e-03
1.220258517900057148e-03
1.220258395873851601e-03
1.220258273847670341e-03
1.220258151821513367e-03
1.220258029795381113e-03
1.220257907769272928e-03
1.220257785743189246e-03
1.220257663717130066e-03
1.220257541691095174e-03
1.220257419665084784e-03
1.220257297639098897e-03
1.220257175613137296e-03
1.220257053587199981e-03
1.220257013194079058e-03
1.220256891168182509e-03
1.220256769142310247e-03
1.220256728749229873e-03
1.220256769988916669e-03
1.220256647963093195e-03
1.220256607570036891e-03
1.220256812075192973e-03
1.220257098213034476e-03
1.220256976187227048e-03
1.220256854161444124e-03
1.220256813768387386e-03
1.220256691742645011e-03
1.220256977880355542e-03
1.220256937487298804e-03
1.220258284849629450e-03
1.220258407721772466e-03
1.220258775491850096e-03
