2.614110412192909294e-01 7.385889587807278334e-01
2.614110267030445023e-01 7.385889732969741495e-01
2.614110121868010173e-01 7.385889878132176900e-01
2.614109975455592982e-01 7.385890024544594645e-01
2.614109821543132983e-01 7.385890178457054089e-01
2.614109673880762874e-01 7.385890326119424198e-01
2.614109528718445707e-01 7.385890471281741920e-01
2.614109379806122679e-01 7.385890620194065503e-01
2.614109227143795455e-01 7.385890772856392728e-01
2.614109069481453385e-01 7.385890930518734798e-01
2.614108909319121099e-01 7.385891090681067084e-01
2.614108745406787948e-01 7.385891254593399680e-01
2.614108582744497644e-01 7.385891417255689984e-01
2.614108418832229996e-01 7.385891581167957076e-01
2.614108251169963149e-01 7.385891748830224479e-01
2.614108082257718957e-01 7.385891917742468671e-01
2.614107914595519278e-01 7.385892085404668350e-01
2.614107750683383746e-01 7.385892249316803326e-01
2.614107593021331444e-01 7.385892406978855629e-01
2.614107430359270401e-01 7.385892569640916117e-01
2.614107265197223029e-01 7.385892734802963489e-01
2.614107100035207853e-01 7.385892899964978664e-01
2.614106938623255161e-01 7.385893061376931357e-01
2.614106774711315584e-01 7.385893225288870934e-01
2.614106604549362167e-01 7.385893395450825460e-01
2.614106439387479108e-01 7.385893560612707409e-01
2.614106277975657422e-01 7.385893722024530206e-01
2.614106115313858392e-01 7.385893884686328681e-01
2.614105947652056172e-01 7.385894052348130900e-01
2.614105782490305230e-01 7.385894217509881843e-01
2.614105618578596024e-01 7.385894381421590493e-01
2.614105460916961721e-01 7.385894539083224242e-01
2.614105308255393334e-01 7.385894691744794294e-01
2.614105161843896519e-01 7.385894838156290554e-01
2.614105017932444874e-01 7.385894982067743308e-01
2.614104874021022096e-01 7.385895125979166087e-01
2.614104731359636058e-01 7.385895268640552125e-01
2.614104594948317151e-01 7.385895405051871032e-01
2.614104453536995054e-01 7.385895546463192574e-01
2.614104315875723783e-01 7.385895684124463845e-01
2.614104180714494907e-01 7.385895819285692721e-01
2.614104045553292677e-01 7.385895954446894951e-01
2.614103907892103562e-01 7.385896092108084066e-01
2.614103770230941648e-01 7.385896229769245425e-01
2.614103635069821574e-01 7.385896364930366609e-01
2.614103506158761414e-01 7.385896493841425103e-01
2.614103384747767378e-01 7.385896615252419695e-01
2.614103268336823716e-01 7.385896731663363912e-01
2.614103150675896603e-01 7.385896849324291580e-01
2.614103033014993360e-01 7.385896966985194823e-01
2.614102909104082939e-01 7.385897090896105244e-01
2.614102785193197498e-01 7.385897214806991240e-01
2.614102672532389593e-01 7.385897327467798590e-01
2.614102558621598238e-01 7.385897441378590500e-01
2.614102442210818333e-01 7.385897557789370405e-01
2.614102323300050990e-01 7.385897676700138303e-01
2.614102205639312615e-01 7.385897794360876123e-01
2.614102086728593011e-01 7.385897913271596282e-01
2.614101966567891622e-01 7.385898033432297671e-01
2.614101848907223746e-01 7.385898151092964437e-01
2.614101736246599583e-01 7.385898263753589710e-01
2.614101629836021456e-01 7.385898370164166726e-01
2.614101524675469523e-01 7.385898475324719215e-01
2.614101422014947218e-01 7.385898577985240410e-01
2.614101318104441463e-01 7.385898681895747275e-01
2.614101210443943724e-01 7.385898789556245569e-01
2.614101101533463090e-01 7.385898898466726203e-01
2.614100995123012638e-01 7.385899004877176655e-01
2.614100884962571314e-01 7.385899115037617424e-01
2.614100771052141337e-01 7.385899228948047401e-01
2.614100663391751844e-01 7.385899336608436894e-01
2.614100551981373699e-01 7.385899448018814484e-01
2.614100440571017758e-01 7.385899559429170980e-01
2.614100322910667407e-01 7.385899677089520221e-01
2.614100210250353551e-01 7.385899789749834632e-01
2.614100098840065334e-01 7.385899901160123404e-01
2.614099989929804524e-01 7.385900010070383104e-01
2.614099879769563595e-01 7.385900120230625143e-01
2.614099769609344315e-01 7.385900230390843868e-01
2.614099661949151887e-01 7.385900338051036851e-01
2.614099555538983433e-01 7.385900444461205305e-01
2.614099449128836072e-01 7.385900550871351555e-01
2.614099337718701621e-01 7.385900662281486007e-01
2.614099226308589374e-01 7.385900773691597143e-01
2.614099117398503425e-01 7.385900882601683648e-01
2.614099004738433818e-01 7.385900995261752700e-01
2.614098895828391722e-01 7.385901104171794795e-01
2.614098790668376027e-01 7.385901209331811046e-01
2.614098689258385622e-01 7.385901310741801451e-01
2.614098589098416414e-01 7.385901410901770658e-01
2.614098483938462891e-01 7.385901516061724736e-01
2.614098380028531676e-01 7.385901619971656507e-01
2.614098273618619128e-01 7.385901726381568499e-01
2.614098174708732181e-01 7.385901825291455447e-01
2.614098074548864559e-01 7.385901925451323624e-01
2.614097971889016159e-01 7.385902028111170914e-01
2.614097869229187743e-01 7.385902130770998220e-01
2.614097769069380628e-01 7.385902230930805334e-01
2.614097673909594466e-01 7.385902326090592052e-01
2.614097573749826764e-01 7.385902426250360309e-01
