5.327739759553085151e-05
5.327739289352724028e-05
5.327739100757191337e-05
5.327738567978166175e-05
5.327738035199248079e-05
5.327737658867463740e-05
5.327737219956950310e-05
5.327736749757125190e-05
5.327736310846789975e-05
5.327735778068363835e-05
5.327735245290044083e-05
5.327734743801217624e-05
5.327734492627560285e-05
5.327733959849529201e-05
5.327733520939736766e-05
5.327733019451283002e-05
5.327732517962929527e-05
5.327732141632148753e-05
5.327731702722712749e-05
5.327731295102727349e-05
5.327730824904106371e-05
5.327730323416223168e-05
5.327729947085849647e-05
5.327729445598154825e-05
5.327728912821214042e-05
5.327728536491094631e-05
5.327728441765109085e-05
5.327727940277765273e-05
5.327727407501188376e-05
5.327726937303379194e-05
5.327726435816336248e-05
5.327726153354662162e-05
5.327726089918293238e-05
5.327725838746029098e-05
5.327725431127241742e-05
5.327725023508535701e-05
5.327724522021984712e-05
5.327724114403451465e-05
5.327723612917091567e-05
5.327723299166627562e-05
5.327722922837633689e-05
5.327722609087301821e-05
5.327722264047742967e-05
5.327721856429679315e-05
5.327721417522413748e-05
5.327721385375880321e-05
5.327721353229353669e-05
5.327721102057914878e-05
5.327720694440171744e-05
5.327720318111777570e-05
5.327719879204928743e-05
5.327719409008907140e-05
5.327719001391496042e-05
5.327718687641932603e-05
5.327718373892431506e-05
5.327718122721491448e-05
5.327717996707586056e-05
5.327717745536733412e-05
5.327717400498213358e-05
5.327716961592051645e-05
5.327716741710610980e-05
5.327716803432287740e-05
5.327716333237090808e-05
5.327715925620435942e-05
5.327715643160745268e-05
5.327715141676586300e-05
5.327714765349387459e-05
5.327714514179109442e-05
5.327714137852048159e-05
5.327713605079036253e-05
5.327713166173736481e-05
5.327713134028112427e-05
5.327712663833752364e-05
5.327712162350292706e-05
5.327711660866934015e-05
5.327711284540421609e-05
5.327710845635617181e-05
5.327710406730900845e-05
5.327709905247918237e-05
5.327709560210905902e-05
5.327709121306449774e-05
5.327708870137088585e-05
5.327708368654459698e-05
5.327708242641869578e-05
5.327708022761828890e-05
5.327707740303521929e-05
5.327707583001879650e-05
5.327707300543672977e-05
5.327707111952960920e-05
5.327707079808000263e-05
5.327706734771649969e-05
5.327706577470187261e-05
5.327706201144822754e-05
5.327705981265184576e-05
5.327705949120352668e-05
5.327705447638667714e-05
5.327705259048291759e-05
5.327704820145011990e-05
5.327704600265621823e-05
5.327704098784272294e-05
