6.525089541930028103e-01
6.525089889424479095e-01
6.525090236918861253e-01
6.525090584413173467e-01
6.525090931907415737e-01
6.525091279401589173e-01
6.525091626895692665e-01
6.525091974389727323e-01
6.525092321883692037e-01
6.525092669377586807e-01
6.525093016871412743e-01
6.525093364365168735e-01
6.525093711858855894e-01
6.525094059352473108e-01
6.525094406846020378e-01
6.525094754339498815e-01
6.525095101832908417e-01
6.525095449326246966e-01
6.525095796819516680e-01
6.525096144312717561e-01
6.525096491805847387e-01
6.525096839298909490e-01
6.525097186791900539e-01
6.525097534284822753e-01
6.525097881777676134e-01
6.525098229270459571e-01
6.525098576763173064e-01
6.525098924255817723e-01
6.525099271748392438e-01
6.525099619240897209e-01
6.525099966733333146e-01
6.525100314225699139e-01
6.525100661717996298e-01
6.525101009210223513e-01
6.525101356702380784e-01
6.525101704194469221e-01
6.525102051686488824e-01
6.525102399178437373e-01
6.525102746670317089e-01
6.525103094162127970e-01
6.525103441653868908e-01
6.525103789145539901e-01
6.525104136637140950e-01
6.525104484128674276e-01
6.525104831620136547e-01
6.525105179111529985e-01
6.525105526602853478e-01
6.525105874094108138e-01
6.525106221585292854e-01
6.525106569076407625e-01
6.525106916567453563e-01
6.525107264058430667e-01
6.525107611549336717e-01
6.525107959040173933e-01
6.525108306530942315e-01
6.525108654021640753e-01
6.525109001512269247e-01
6.525109349002828907e-01
6.525109696493318623e-01
6.525110043983738395e-01
6.525110391474089333e-01
6.525110738964370327e-01
6.525111086454582487e-01
6.525111433944724704e-01
6.525111781434798086e-01
6.525112128924801524e-01
6.525112476414735019e-01
6.525112823904599679e-01
6.525113171394394396e-01
6.525113518884119168e-01
6.525113866373775107e-01
6.525114213863361101e-01
6.525114561352878262e-01
6.525114908842325478e-01
6.525115256331703861e-01
6.525115603821012300e-01
6.525115951310250795e-01
6.525116298799420456e-01
6.525116646288520172e-01
6.525116993777549945e-01
6.525117341266510884e-01
6.525117688755401879e-01
6.525118036244224040e-01
6.525118383732976257e-01
6.525118731221659640e-01
6.525119078710273079e-01
6.525119426198816575e-01
6.525119773687291236e-01
6.525120121175695953e-01
6.525120468664031836e-01
6.525120816152296666e-01
6.525121163640493771e-01
6.525121511128620932e-01
6.525121858616678150e-01
6.525122206104665423e-01
6.525122553592583863e-01
6.525122901080433468e-01
6.525123248568212020e-01
6.525123596055921738e-01
6.525123943543562621e-01
