2.641540514583766153e-01 7.358459485417253587e-01
2.641540388761814406e-01 7.358459611239204223e-01
2.641540261273205847e-01 7.358459738727812782e-01
2.641540137117988074e-01 7.358459862883031111e-01
2.641540022962889922e-01 7.358459977038128708e-01
2.641539915474543920e-01 7.358460084526475820e-01
2.641539802986173080e-01 7.358460197014846660e-01
2.641539685497777956e-01 7.358460314503241229e-01
2.641539569676089050e-01 7.358460430324931245e-01
2.641539452187741110e-01 7.358460547813278074e-01
2.641539334699417041e-01 7.358460665301602699e-01
2.641539228877885503e-01 7.358460771123134236e-01
2.641539123056375060e-01 7.358460876944644680e-01
2.641539018901566949e-01 7.358460981099452791e-01
2.641538918080141851e-01 7.358461081920878444e-01
2.641538812258694136e-01 7.358461187742325604e-01
2.641538704770587942e-01 7.358461295230432908e-01
2.641538595615822160e-01 7.358461404385198135e-01
2.641538484794397901e-01 7.358461515206622394e-01
2.641538370639636146e-01 7.358461629361383594e-01
2.641538258151577279e-01 7.358461741849442461e-01
2.641538147330220188e-01 7.358461852670800107e-01
2.641538034842206284e-01 7.358461965158814566e-01
2.641537917354176424e-01 7.358462082646843871e-01
2.641537794866132827e-01 7.358462205134888023e-01
2.641537669044755621e-01 7.358462330956264674e-01
2.641537538223366899e-01 7.358462461777652841e-01
2.641537404068646788e-01 7.358462595932372396e-01
2.641537261580561569e-01 7.358462738420458171e-01
2.641537115759147736e-01 7.358462884241872004e-01
2.641536966604406955e-01 7.358463033396611674e-01
2.641536815783018244e-01 7.358463184218001496e-01
2.641536663294981602e-01 7.358463336706038138e-01
2.641536509140298139e-01 7.358463490860721601e-01
2.641536353318967301e-01 7.358463646682051884e-01
2.641536194164313400e-01 7.358463805836705784e-01
2.641536040009722641e-01 7.358463959991295988e-01
2.641535890855194468e-01 7.358464109145823606e-01
2.641535738367342123e-01 7.358464261633677062e-01
2.641535584212842958e-01 7.358464415788175117e-01
2.641535430058374878e-01 7.358464569942643196e-01
2.641535274237261643e-01 7.358464725763755876e-01
2.641535123416207664e-01 7.358464876584810410e-01
2.641534977595211831e-01 7.358465022405805689e-01
2.641534840107624404e-01 7.358465159893392560e-01
2.641534702620064734e-01 7.358465297380952785e-01
2.641534571799234454e-01 7.358465428201782510e-01
2.641534445978456214e-01 7.358465554022559640e-01
2.641534318491027822e-01 7.358465681509988032e-01
2.641534189336949834e-01 7.358465810664066575e-01
2.641534061849573067e-01 7.358465938151442787e-01
2.641533942695595272e-01 7.358466057305421693e-01
2.641533823541640791e-01 7.358466176459376173e-01
2.641533702721036159e-01 7.358466297279980806e-01
2.641533580233781375e-01 7.358466419767235589e-01
2.641533467746595143e-01 7.358466532254421821e-01
2.641533346926062675e-01 7.358466653074955399e-01
2.641533222772206591e-01 7.358466777228811484e-01
2.641533096951701465e-01 7.358466903049315500e-01
2.641532964464528566e-01 7.358467035536488954e-01
2.641532830310708846e-01 7.358467169690308118e-01
2.641532701156935059e-01 7.358467298844082460e-01
2.641532573669859718e-01 7.358467426331157801e-01
2.641532436182774113e-01 7.358467563818242851e-01
2.641532297029043352e-01 7.358467702971973612e-01
2.641532157875340348e-01 7.358467842125676617e-01
2.641532022055009810e-01 7.358467977946007155e-01
2.641531881234690515e-01 7.358468118766327004e-01
2.641531750414430335e-01 7.358468249586587184e-01
2.641531612927509043e-01 7.358468387073507921e-01
2.641531473773944261e-01 7.358468526227072148e-01
2.641531336287078480e-01 7.358468663713938485e-01
2.641531197133569209e-01 7.358468802867447200e-01
2.641531056313417003e-01 7.358468943687600516e-01
2.641530917159963243e-01 7.358469082841053721e-01
2.641530778006537794e-01 7.358469221994479170e-01
2.641530633853128585e-01 7.358469366147888380e-01
2.641530486366407415e-01 7.358469513634610104e-01
2.641530337213045532e-01 7.358469662787971988e-01
2.641530181393033638e-01 7.358469818607984436e-01
2.641530025573052831e-01 7.358469974427964688e-01
2.641529869753103110e-01 7.358470130247913854e-01
2.641529708933176290e-01 7.358470291067841229e-01
2.641529548113281667e-01 7.358470451887736408e-01
2.641529385626749660e-01 7.358470614374268415e-01
2.641529219806911799e-01 7.358470780194105165e-01
2.641529048987101280e-01 7.358470951013915684e-01
2.641528873167318658e-01 7.358471126833697751e-01
2.641528700680908504e-01 7.358471299320108461e-01
2.641528534861205535e-01 7.358471465139810874e-01
2.641528370708204898e-01 7.358471629292812066e-01
2.641528209888572287e-01 7.358471790112444122e-01
2.641528054068975617e-01 7.358471945932041347e-01
2.641527906582748497e-01 7.358472093418269022e-01
2.641527764096553432e-01 7.358472235904464087e-01
2.641527618277051404e-01 7.358472381723965006e-01
2.641527475790913515e-01 7.358472524210102339e-01
2.641527331638137133e-01 7.358472668362878721e-01
2.641527182485389758e-01 7.358472817515626652e-01
2.641527038332671662e-01 7.358472961668345302e-01
