7.822919683902386664e-05
7.822919068549296186e-05
7.822918341898643288e-05
7.822917893492320636e-05
7.822917945925569622e-05
7.822917608817028942e-05
7.822916882166812435e-05
7.822916322463186216e-05
7.822916041003718124e-05
7.822916538627555606e-05
7.822915923275332490e-05
7.822915363572026110e-05
7.822914748220044230e-05
7.822914244165748098e-05
7.822913684462777821e-05
7.822913347354998792e-05
7.822913010247288881e-05
7.822912728788404904e-05
7.822912057788301821e-05
7.822911943275812974e-05
7.822911494870891653e-05
7.822911380358482767e-05
7.822910931953707813e-05
7.822910316602845371e-05
7.822909701252106257e-05
7.822909308496348328e-05
7.822908526199707396e-05
7.822907799551926278e-05
7.822907017255591633e-05
7.822906290608105961e-05
7.822905563960766656e-05
7.822904892962251929e-05
7.822904555855925732e-05
7.822904330047007455e-05
7.822903603400154686e-05
7.822902932402104811e-05
7.822902483998801662e-05
7.822902146892886106e-05
7.822901364597898582e-05
7.822900693600342019e-05
7.822900022602918271e-05
7.822899295957004692e-05
7.822898680608474640e-05
7.822898009611454757e-05
7.822897672506220893e-05
7.822897057158039141e-05
7.822896553107175864e-05
7.822896049056414231e-05
7.822895266762818552e-05
7.822894540117962070e-05
7.822893924770401024e-05
7.822894255448651106e-05
7.822893640101240493e-05
7.822892969105395614e-05
7.822892353758237078e-05
7.822891794059749976e-05
7.822891178712832675e-05
7.822890619014574612e-05
7.822889948019366702e-05
7.822889165727242827e-05
7.822888439083795808e-05
7.822887823737520896e-05
7.822887375336895727e-05
7.822886593045342413e-05
7.822886033347935448e-05
7.822885751893099611e-05
7.822885136547402037e-05
7.822884409904865748e-05
7.822883850207900595e-05
7.822883290511047929e-05
7.822883064705090880e-05
7.822882505008427949e-05
7.822882056608782626e-05
7.822881274318543908e-05
7.822880770270670319e-05
7.822880154926024421e-05
7.822879650878363606e-05
7.822879035533952168e-05
7.822878308892825341e-05
7.822877749197086692e-05
7.822877189501459174e-05
7.822876462860734858e-05
7.822875680571759235e-05
7.822874953931331719e-05
7.822874282939434691e-05
7.822873556299291778e-05
7.822872829659295233e-05
7.822872103019442344e-05
7.822871710269919932e-05
7.822871428817191513e-05
7.822870757826050716e-05
7.822870532021820259e-05
7.822870083624268802e-05
7.822869468281799441e-05
7.822869019884444496e-05
7.822868293245555191e-05
7.822867622255129968e-05
7.822866895616525267e-05
7.822866224626372450e-05
7.822865442339750901e-05
