6.585350154054933070e-01
6.585350495523263348e-01
6.585350836991525902e-01
6.585351178459720733e-01
6.585351519927846731e-01
6.585351861395905004e-01
6.585352202863894444e-01
6.585352544331815050e-01
6.585352885799667932e-01
6.585353227267453091e-01
6.585353568735169416e-01
6.585353910202816907e-01
6.585354251670396675e-01
6.585354593137908719e-01
6.585354934605351929e-01
6.585355276072726305e-01
6.585355617540032958e-01
6.585355959007270776e-01
6.585356300474440872e-01
6.585356641941543243e-01
6.585356983408576781e-01
6.585357324875541485e-01
6.585357666342438465e-01
6.585358007809266612e-01
6.585358349276027035e-01
6.585358690742718624e-01
6.585359032209342489e-01
6.585359373675897521e-01
6.585359715142384829e-01
6.585360056608803303e-01
6.585360398075154054e-01
6.585360739541435970e-01
6.585361081007650164e-01
6.585361422473795523e-01
6.585361763939873159e-01
6.585362105405881961e-01
6.585362446871823039e-01
6.585362788337695283e-01
6.585363129803499804e-01
6.585363471269235491e-01
6.585363812734902345e-01
6.585364154200501474e-01
6.585364495666032880e-01
6.585364837131495452e-01
6.585365178596889191e-01
6.585365520062216316e-01
6.585365861527473497e-01
6.585366202992662954e-01
6.585366421140571580e-01
6.585366647228175774e-01
6.585366688440457139e-01
6.585366568948439747e-01
6.585366334280026157e-01
6.585366418608102901e-01
6.585366760072998149e-01
6.585367101537824563e-01
6.585367443002582144e-01
6.585367784467272001e-01
6.585368125931894134e-01
6.585368467396447434e-01
6.585368808860931900e-01
6.585369150325348642e-01
6.585369491789696550e-01
6.585369833253976735e-01
6.585370174718189196e-01
6.585370516182332823e-01
6.585370857646407616e-01
6.585371199110414686e-01
6.585371540574352922e-01
6.585371882038223434e-01
6.585372223502025113e-01
6.585372564965759068e-01
6.585372906429425299e-01
6.585373247893021587e-01
6.585373589356551260e-01
6.585373930820010990e-01
6.585374272283404107e-01
6.585374613746727279e-01
6.585374955209983838e-01
6.585375296673170453e-01
6.585375638136290455e-01
6.585375979599340512e-01
6.585376321062322846e-01
6.585376662525237457e-01
6.585377003988083233e-01
6.585377345450861286e-01
6.585377686913570505e-01
6.585378028376212001e-01
6.585378369838784662e-01
6.585378711301288490e-01
6.585379052763724594e-01
6.585379394226092975e-01
6.585379735688392522e-01
6.585380077150623235e-01
6.585380418612786224e-01
6.585380760074881490e-01
6.585381101536907922e-01
6.585381442998865520e-01
6.585381784460755394e-01
6.585382125922577545e-01
